*** BLOCK A: BASIC INFORMATION *****************************************
Heading
'Example 3b - Comparison with the 3-D analytical solution'
LUnit  TUnit  MUnit  (indicated units are obligatory for all input data)
'm'    'days' '-'
MaxIt   TolTh   TolH       (maximum number of iterations and tolerances)
  20    .0001   0.01
lWat    lChem   CheckF  ShortF  FluxF   AtmInF  SeepF  FreeD  DrainF
f        t       f       f       f       f       t      f       f
*** BLOCK B: MATERIAL INFORMATION **************************************
NMat    NLay    hTab1   hTabN   NPar
  1      1      .001    200.     9
thr     ths     tha     thm     Alfa    n       Ks      Kk      thk
.02     .300   -.02     .30    .0410    1.964   .3      .3      .30
*** BLOCK C: TIME INFORMATION ******************************************
dt      dtMin   dtMax   DMul    DMul2   MPL
1.0    .0001    100.    1.3     .33     3
TPrint(1),TPrint(2),...,TPrint(MPL)                   (print-time array)
 50 100 365
*** BLOCK D: SEEPAGE INFORMATION (only if SeepF =.true.) ***************
NSeep                                          (number of seepage faces)
  1
NSP(1),NSP(2),.......,NSP(NSeep)          (number of nodes in each s.f.)
 225
NP(i,1),NP(i,2),.....,NP(i,NSP(i))     (nodal number array of i-th s.f.)
4501 4502 4503 4504 4505 4506 4507 4508 4509 4510
4511 4512 4513 4514 4515 4516 4517 4518 4519 4520
4521 4522 4523 4524 4525 4526 4527 4528 4529 4530
4531 4532 4533 4534 4535 4536 4537 4538 4539 4540
4541 4542 4543 4544 4545 4546 4547 4548 4549 4550
4551 4552 4553 4554 4555 4556 4557 4558 4559 4560
4561 4562 4563 4564 4565 4566 4567 4568 4569 4570
4571 4572 4573 4574 4575 4576 4577 4578 4579 4580
4581 4582 4583 4584 4585 4586 4587 4588 4589 4590
4591 4592 4593 4594 4595 4596 4597 4598 4599 4600
4601 4602 4603 4604 4605 4606 4607 4608 4609 4610
4611 4612 4613 4614 4615 4616 4617 4618 4619 4620
4621 4622 4623 4624 4625 4626 4627 4628 4629 4630
4631 4632 4633 4634 4635 4636 4637 4638 4639 4640
4641 4642 4643 4644 4646 4646 4647 4648 4649 4650
4651 4652 4653 4654 4655 4656 4657 4658 4659 4660
4661 4662 4663 4664 4665 4666 4667 4668 4669 4670
4671 4672 4673 4674 4675 4676 4677 4678 4679 4680
4681 4682 4683 4684 4685 4686 4687 4688 4689 4690
4691 4692 4693 4694 4695 4696 4697 4698 4699 4700
4701 4702 4703 4704 4705 4706 4707 4708 4709 4710
4711 4712 4713 4714 4715 4716 4717 4718 4719 4720
4721 4722 4723 4724 4725
*** BLOCK E: SOLUTE TRANSPORT INFORMATION ******************************
Epsi    lUpW    lArtD   PeCr
 0.5    f       f       10
Bulk.d.	Difus.	Disper.	  Adsorp.  SinkL1    SinkS1   SinkL0   SinkS0
1500	0.0    1.0  0.5   0.0004   -0.01     -0.01      0.0      0.0
KodCB(1),KodCB(2),.....,KodCB(NumBP)
-1  -1  -1  -1  -1  -1  -1  -2  -2  -2  -2  -2  -2  -2  -2
-1  -1  -1  -1  -1  -1  -1  -2  -2  -2  -2  -2  -2  -2  -2
-1  -1  -1  -1  -1  -1  -1  -2  -2  -2  -2  -2  -2  -2  -2
-1  -1  -1  -1  -1  -1  -1  -2  -2  -2  -2  -2  -2  -2  -2
-1  -1  -1  -1  -1  -1  -1  -2  -2  -2  -2  -2  -2  -2  -2
-1  -1  -1  -1  -1  -1  -1  -2  -2  -2  -2  -2  -2  -2  -2
-1  -1  -1  -1  -1  -1  -1  -2  -2  -2  -2  -2  -2  -2  -2
-2  -2  -2  -2  -2  -2  -2  -2  -2  -2  -2  -2  -2  -2  -2
-2  -2  -2  -2  -2  -2  -2  -2  -2  -2  -2  -2  -2  -2  -2
-2  -2  -2  -2  -2  -2  -2  -2  -2  -2  -2  -2  -2  -2  -2
-2  -2  -2  -2  -2  -2  -2  -2  -2  -2  -2  -2  -2  -2  -2
-2  -2  -2  -2  -2  -2  -2  -2  -2  -2  -2  -2  -2  -2  -2
-2  -2  -2  -2  -2  -2  -2  -2  -2  -2  -2  -2  -2  -2  -2
-2  -2  -2  -2  -2  -2  -2  -2  -2  -2  -2  -2  -2  -2  -2
-2  -2  -2  -2  -2  -2  -2  -2  -2  -2  -2  -2  -2  -2  -2
-2  -2  -2  -2  -2  -2  -2  -2  -2  -2  -2  -2  -2  -2  -2
-2  -2  -2  -2  -2  -2  -2  -2  -2  -2  -2  -2  -2  -2  -2
-2  -2  -2  -2  -2  -2  -2  -2  -2  -2  -2  -2  -2  -2  -2
-2  -2  -2  -2  -2  -2  -2  -2  -2  -2  -2  -2  -2  -2  -2
-2  -2  -2  -2  -2  -2  -2  -2  -2  -2  -2  -2  -2  -2  -2
-2  -2  -2  -2  -2  -2  -2  -2  -2  -2  -2  -2  -2  -2  -2
-2  -2  -2  -2  -2  -2  -2  -2  -2  -2  -2  -2  -2  -2  -2
-2  -2  -2  -2  -2  -2  -2  -2  -2  -2  -2  -2  -2  -2  -2
-2  -2  -2  -2  -2  -2  -2  -2  -2  -2  -2  -2  -2  -2  -2
-2  -2  -2  -2  -2  -2  -2  -2  -2  -2  -2  -2  -2  -2  -2
-2  -2  -2  -2  -2  -2  -2  -2  -2  -2  -2  -2  -2  -2  -2
-2  -2  -2  -2  -2  -2  -2  -2  -2  -2  -2  -2  -2  -2  -2
-2  -2  -2  -2  -2  -2  -2  -2  -2  -2  -2  -2  -2  -2  -2
-2  -2  -2  -2  -2  -2  -2  -2  -2  -2  -2  -2  -2  -2  -2
-2  -2  -2  -2  -2  -2  -2  -2  -2  -2  -2  -2  -2  -2  -2
cBound(1..12)
1. 0. 0. 0. 0. 0. 0. 0. 0. 0. 0. 0.
tPulse
 366
*** END OF INPUT FILE 'SELECTOR.IN' ************************************

