*** BLOCK I: NODAL INFORMATION ************************************************
      NumNP     NumEl       IJ       NumBP      NS       NObs
       402       200         2         4         3         0
   n  Code    x      z         h        Q     M   B    Axz   Bxz   Dxz     Temp     Conc1     Conc2     Conc3
   1   1     .00     .00       .00   .00E+00  1   .00  1.00  1.00  1.00     .00  .000E+00  .000E+00  .000E+00
   2   1    1.00     .00       .00   .00E+00  1   .00  1.00  1.00  1.00     .00  .000E+00  .000E+00  .000E+00
   3   0     .00   -1.00       .00   .00E+00  1   .00  1.00  1.00  1.00     .00  .000E+00  .000E+00  .000E+00
   4   0    1.00   -1.00       .00   .00E+00  1   .00  1.00  1.00  1.00     .00  .000E+00  .000E+00  .000E+00
   5   0     .00   -2.00       .00   .00E+00  1   .00  1.00  1.00  1.00     .00  .000E+00  .000E+00  .000E+00
   6   0    1.00   -2.00       .00   .00E+00  1   .00  1.00  1.00  1.00     .00  .000E+00  .000E+00  .000E+00
   7   0     .00   -3.00       .00   .00E+00  1   .00  1.00  1.00  1.00     .00  .000E+00  .000E+00  .000E+00
   8   0    1.00   -3.00       .00   .00E+00  1   .00  1.00  1.00  1.00     .00  .000E+00  .000E+00  .000E+00
   9   0     .00   -4.00       .00   .00E+00  1   .00  1.00  1.00  1.00     .00  .000E+00  .000E+00  .000E+00
  10   0    1.00   -4.00       .00   .00E+00  1   .00  1.00  1.00  1.00     .00  .000E+00  .000E+00  .000E+00
  11   0     .00   -5.00       .00   .00E+00  1   .00  1.00  1.00  1.00     .00  .000E+00  .000E+00  .000E+00
  12   0    1.00   -5.00       .00   .00E+00  1   .00  1.00  1.00  1.00     .00  .000E+00  .000E+00  .000E+00
  13   0     .00   -6.00       .00   .00E+00  1   .00  1.00  1.00  1.00     .00  .000E+00  .000E+00  .000E+00
  14   0    1.00   -6.00       .00   .00E+00  1   .00  1.00  1.00  1.00     .00  .000E+00  .000E+00  .000E+00
  15   0     .00   -7.00       .00   .00E+00  1   .00  1.00  1.00  1.00     .00  .000E+00  .000E+00  .000E+00
  16   0    1.00   -7.00       .00   .00E+00  1   .00  1.00  1.00  1.00     .00  .000E+00  .000E+00  .000E+00
  17   0     .00   -8.00       .00   .00E+00  1   .00  1.00  1.00  1.00     .00  .000E+00  .000E+00  .000E+00
  18   0    1.00   -8.00       .00   .00E+00  1   .00  1.00  1.00  1.00     .00  .000E+00  .000E+00  .000E+00
  19   0     .00   -9.00       .00   .00E+00  1   .00  1.00  1.00  1.00     .00  .000E+00  .000E+00  .000E+00
  20   0    1.00   -9.00       .00   .00E+00  1   .00  1.00  1.00  1.00     .00  .000E+00  .000E+00  .000E+00
  21   0     .00  -10.00       .00   .00E+00  1   .00  1.00  1.00  1.00     .00  .000E+00  .000E+00  .000E+00
  22   0    1.00  -10.00       .00   .00E+00  1   .00  1.00  1.00  1.00     .00  .000E+00  .000E+00  .000E+00
  23   0     .00  -11.00       .00   .00E+00  1   .00  1.00  1.00  1.00     .00  .000E+00  .000E+00  .000E+00
  24   0    1.00  -11.00       .00   .00E+00  1   .00  1.00  1.00  1.00     .00  .000E+00  .000E+00  .000E+00
  25   0     .00  -12.00       .00   .00E+00  1   .00  1.00  1.00  1.00     .00  .000E+00  .000E+00  .000E+00
  26   0    1.00  -12.00       .00   .00E+00  1   .00  1.00  1.00  1.00     .00  .000E+00  .000E+00  .000E+00
  27   0     .00  -13.00       .00   .00E+00  1   .00  1.00  1.00  1.00     .00  .000E+00  .000E+00  .000E+00
  28   0    1.00  -13.00       .00   .00E+00  1   .00  1.00  1.00  1.00     .00  .000E+00  .000E+00  .000E+00
  29   0     .00  -14.00       .00   .00E+00  1   .00  1.00  1.00  1.00     .00  .000E+00  .000E+00  .000E+00
  30   0    1.00  -14.00       .00   .00E+00  1   .00  1.00  1.00  1.00     .00  .000E+00  .000E+00  .000E+00
  31   0     .00  -15.00       .00   .00E+00  1   .00  1.00  1.00  1.00     .00  .000E+00  .000E+00  .000E+00
  32   0    1.00  -15.00       .00   .00E+00  1   .00  1.00  1.00  1.00     .00  .000E+00  .000E+00  .000E+00
  33   0     .00  -16.00       .00   .00E+00  1   .00  1.00  1.00  1.00     .00  .000E+00  .000E+00  .000E+00
  34   0    1.00  -16.00       .00   .00E+00  1   .00  1.00  1.00  1.00     .00  .000E+00  .000E+00  .000E+00
  35   0     .00  -17.00       .00   .00E+00  1   .00  1.00  1.00  1.00     .00  .000E+00  .000E+00  .000E+00
  36   0    1.00  -17.00       .00   .00E+00  1   .00  1.00  1.00  1.00     .00  .000E+00  .000E+00  .000E+00
  37   0     .00  -18.00       .00   .00E+00  1   .00  1.00  1.00  1.00     .00  .000E+00  .000E+00  .000E+00
  38   0    1.00  -18.00       .00   .00E+00  1   .00  1.00  1.00  1.00     .00  .000E+00  .000E+00  .000E+00
  39   0     .00  -19.00       .00   .00E+00  1   .00  1.00  1.00  1.00     .00  .000E+00  .000E+00  .000E+00
  40   0    1.00  -19.00       .00   .00E+00  1   .00  1.00  1.00  1.00     .00  .000E+00  .000E+00  .000E+00
  41   0     .00  -20.00       .00   .00E+00  1   .00  1.00  1.00  1.00     .00  .000E+00  .000E+00  .000E+00
  42   0    1.00  -20.00       .00   .00E+00  1   .00  1.00  1.00  1.00     .00  .000E+00  .000E+00  .000E+00
  43   0     .00  -21.00       .00   .00E+00  1   .00  1.00  1.00  1.00     .00  .000E+00  .000E+00  .000E+00
  44   0    1.00  -21.00       .00   .00E+00  1   .00  1.00  1.00  1.00     .00  .000E+00  .000E+00  .000E+00
  45   0     .00  -22.00       .00   .00E+00  1   .00  1.00  1.00  1.00     .00  .000E+00  .000E+00  .000E+00
  46   0    1.00  -22.00       .00   .00E+00  1   .00  1.00  1.00  1.00     .00  .000E+00  .000E+00  .000E+00
  47   0     .00  -23.00       .00   .00E+00  1   .00  1.00  1.00  1.00     .00  .000E+00  .000E+00  .000E+00
  48   0    1.00  -23.00       .00   .00E+00  1   .00  1.00  1.00  1.00     .00  .000E+00  .000E+00  .000E+00
  49   0     .00  -24.00       .00   .00E+00  1   .00  1.00  1.00  1.00     .00  .000E+00  .000E+00  .000E+00
  50   0    1.00  -24.00       .00   .00E+00  1   .00  1.00  1.00  1.00     .00  .000E+00  .000E+00  .000E+00
  51   0     .00  -25.00       .00   .00E+00  1   .00  1.00  1.00  1.00     .00  .000E+00  .000E+00  .000E+00
  52   0    1.00  -25.00       .00   .00E+00  1   .00  1.00  1.00  1.00     .00  .000E+00  .000E+00  .000E+00
  53   0     .00  -26.00       .00   .00E+00  1   .00  1.00  1.00  1.00     .00  .000E+00  .000E+00  .000E+00
  54   0    1.00  -26.00       .00   .00E+00  1   .00  1.00  1.00  1.00     .00  .000E+00  .000E+00  .000E+00
  55   0     .00  -27.00       .00   .00E+00  1   .00  1.00  1.00  1.00     .00  .000E+00  .000E+00  .000E+00
  56   0    1.00  -27.00       .00   .00E+00  1   .00  1.00  1.00  1.00     .00  .000E+00  .000E+00  .000E+00
  57   0     .00  -28.00       .00   .00E+00  1   .00  1.00  1.00  1.00     .00  .000E+00  .000E+00  .000E+00
  58   0    1.00  -28.00       .00   .00E+00  1   .00  1.00  1.00  1.00     .00  .000E+00  .000E+00  .000E+00
  59   0     .00  -29.00       .00   .00E+00  1   .00  1.00  1.00  1.00     .00  .000E+00  .000E+00  .000E+00
  60   0    1.00  -29.00       .00   .00E+00  1   .00  1.00  1.00  1.00     .00  .000E+00  .000E+00  .000E+00
  61   0     .00  -30.00       .00   .00E+00  1   .00  1.00  1.00  1.00     .00  .000E+00  .000E+00  .000E+00
  62   0    1.00  -30.00       .00   .00E+00  1   .00  1.00  1.00  1.00     .00  .000E+00  .000E+00  .000E+00
  63   0     .00  -31.00       .00   .00E+00  1   .00  1.00  1.00  1.00     .00  .000E+00  .000E+00  .000E+00
  64   0    1.00  -31.00       .00   .00E+00  1   .00  1.00  1.00  1.00     .00  .000E+00  .000E+00  .000E+00
  65   0     .00  -32.00       .00   .00E+00  1   .00  1.00  1.00  1.00     .00  .000E+00  .000E+00  .000E+00
  66   0    1.00  -32.00       .00   .00E+00  1   .00  1.00  1.00  1.00     .00  .000E+00  .000E+00  .000E+00
  67   0     .00  -33.00       .00   .00E+00  1   .00  1.00  1.00  1.00     .00  .000E+00  .000E+00  .000E+00
  68   0    1.00  -33.00       .00   .00E+00  1   .00  1.00  1.00  1.00     .00  .000E+00  .000E+00  .000E+00
  69   0     .00  -34.00       .00   .00E+00  1   .00  1.00  1.00  1.00     .00  .000E+00  .000E+00  .000E+00
  70   0    1.00  -34.00       .00   .00E+00  1   .00  1.00  1.00  1.00     .00  .000E+00  .000E+00  .000E+00
  71   0     .00  -35.00       .00   .00E+00  1   .00  1.00  1.00  1.00     .00  .000E+00  .000E+00  .000E+00
  72   0    1.00  -35.00       .00   .00E+00  1   .00  1.00  1.00  1.00     .00  .000E+00  .000E+00  .000E+00
  73   0     .00  -36.00       .00   .00E+00  1   .00  1.00  1.00  1.00     .00  .000E+00  .000E+00  .000E+00
  74   0    1.00  -36.00       .00   .00E+00  1   .00  1.00  1.00  1.00     .00  .000E+00  .000E+00  .000E+00
  75   0     .00  -37.00       .00   .00E+00  1   .00  1.00  1.00  1.00     .00  .000E+00  .000E+00  .000E+00
  76   0    1.00  -37.00       .00   .00E+00  1   .00  1.00  1.00  1.00     .00  .000E+00  .000E+00  .000E+00
  77   0     .00  -38.00       .00   .00E+00  1   .00  1.00  1.00  1.00     .00  .000E+00  .000E+00  .000E+00
  78   0    1.00  -38.00       .00   .00E+00  1   .00  1.00  1.00  1.00     .00  .000E+00  .000E+00  .000E+00
  79   0     .00  -39.00       .00   .00E+00  1   .00  1.00  1.00  1.00     .00  .000E+00  .000E+00  .000E+00
  80   0    1.00  -39.00       .00   .00E+00  1   .00  1.00  1.00  1.00     .00  .000E+00  .000E+00  .000E+00
  81   0     .00  -40.00       .00   .00E+00  1   .00  1.00  1.00  1.00     .00  .000E+00  .000E+00  .000E+00
  82   0    1.00  -40.00       .00   .00E+00  1   .00  1.00  1.00  1.00     .00  .000E+00  .000E+00  .000E+00
  83   0     .00  -41.00       .00   .00E+00  1   .00  1.00  1.00  1.00     .00  .000E+00  .000E+00  .000E+00
  84   0    1.00  -41.00       .00   .00E+00  1   .00  1.00  1.00  1.00     .00  .000E+00  .000E+00  .000E+00
  85   0     .00  -42.00       .00   .00E+00  1   .00  1.00  1.00  1.00     .00  .000E+00  .000E+00  .000E+00
  86   0    1.00  -42.00       .00   .00E+00  1   .00  1.00  1.00  1.00     .00  .000E+00  .000E+00  .000E+00
  87   0     .00  -43.00       .00   .00E+00  1   .00  1.00  1.00  1.00     .00  .000E+00  .000E+00  .000E+00
  88   0    1.00  -43.00       .00   .00E+00  1   .00  1.00  1.00  1.00     .00  .000E+00  .000E+00  .000E+00
  89   0     .00  -44.00       .00   .00E+00  1   .00  1.00  1.00  1.00     .00  .000E+00  .000E+00  .000E+00
  90   0    1.00  -44.00       .00   .00E+00  1   .00  1.00  1.00  1.00     .00  .000E+00  .000E+00  .000E+00
  91   0     .00  -45.00       .00   .00E+00  1   .00  1.00  1.00  1.00     .00  .000E+00  .000E+00  .000E+00
  92   0    1.00  -45.00       .00   .00E+00  1   .00  1.00  1.00  1.00     .00  .000E+00  .000E+00  .000E+00
  93   0     .00  -46.00       .00   .00E+00  1   .00  1.00  1.00  1.00     .00  .000E+00  .000E+00  .000E+00
  94   0    1.00  -46.00       .00   .00E+00  1   .00  1.00  1.00  1.00     .00  .000E+00  .000E+00  .000E+00
  95   0     .00  -47.00       .00   .00E+00  1   .00  1.00  1.00  1.00     .00  .000E+00  .000E+00  .000E+00
  96   0    1.00  -47.00       .00   .00E+00  1   .00  1.00  1.00  1.00     .00  .000E+00  .000E+00  .000E+00
  97   0     .00  -48.00       .00   .00E+00  1   .00  1.00  1.00  1.00     .00  .000E+00  .000E+00  .000E+00
  98   0    1.00  -48.00       .00   .00E+00  1   .00  1.00  1.00  1.00     .00  .000E+00  .000E+00  .000E+00
  99   0     .00  -49.00       .00   .00E+00  1   .00  1.00  1.00  1.00     .00  .000E+00  .000E+00  .000E+00
 100   0    1.00  -49.00       .00   .00E+00  1   .00  1.00  1.00  1.00     .00  .000E+00  .000E+00  .000E+00
 101   0     .00  -50.00       .00   .00E+00  1   .00  1.00  1.00  1.00     .00  .000E+00  .000E+00  .000E+00
 102   0    1.00  -50.00       .00   .00E+00  1   .00  1.00  1.00  1.00     .00  .000E+00  .000E+00  .000E+00
 103   0     .00  -51.00       .00   .00E+00  1   .00  1.00  1.00  1.00     .00  .000E+00  .000E+00  .000E+00
 104   0    1.00  -51.00       .00   .00E+00  1   .00  1.00  1.00  1.00     .00  .000E+00  .000E+00  .000E+00
 105   0     .00  -52.00       .00   .00E+00  1   .00  1.00  1.00  1.00     .00  .000E+00  .000E+00  .000E+00
 106   0    1.00  -52.00       .00   .00E+00  1   .00  1.00  1.00  1.00     .00  .000E+00  .000E+00  .000E+00
 107   0     .00  -53.00       .00   .00E+00  1   .00  1.00  1.00  1.00     .00  .000E+00  .000E+00  .000E+00
 108   0    1.00  -53.00       .00   .00E+00  1   .00  1.00  1.00  1.00     .00  .000E+00  .000E+00  .000E+00
 109   0     .00  -54.00       .00   .00E+00  1   .00  1.00  1.00  1.00     .00  .000E+00  .000E+00  .000E+00
 110   0    1.00  -54.00       .00   .00E+00  1   .00  1.00  1.00  1.00     .00  .000E+00  .000E+00  .000E+00
 111   0     .00  -55.00       .00   .00E+00  1   .00  1.00  1.00  1.00     .00  .000E+00  .000E+00  .000E+00
 112   0    1.00  -55.00       .00   .00E+00  1   .00  1.00  1.00  1.00     .00  .000E+00  .000E+00  .000E+00
 113   0     .00  -56.00       .00   .00E+00  1   .00  1.00  1.00  1.00     .00  .000E+00  .000E+00  .000E+00
 114   0    1.00  -56.00       .00   .00E+00  1   .00  1.00  1.00  1.00     .00  .000E+00  .000E+00  .000E+00
 115   0     .00  -57.00       .00   .00E+00  1   .00  1.00  1.00  1.00     .00  .000E+00  .000E+00  .000E+00
 116   0    1.00  -57.00       .00   .00E+00  1   .00  1.00  1.00  1.00     .00  .000E+00  .000E+00  .000E+00
 117   0     .00  -58.00       .00   .00E+00  1   .00  1.00  1.00  1.00     .00  .000E+00  .000E+00  .000E+00
 118   0    1.00  -58.00       .00   .00E+00  1   .00  1.00  1.00  1.00     .00  .000E+00  .000E+00  .000E+00
 119   0     .00  -59.00       .00   .00E+00  1   .00  1.00  1.00  1.00     .00  .000E+00  .000E+00  .000E+00
 120   0    1.00  -59.00       .00   .00E+00  1   .00  1.00  1.00  1.00     .00  .000E+00  .000E+00  .000E+00
 121   0     .00  -60.00       .00   .00E+00  1   .00  1.00  1.00  1.00     .00  .000E+00  .000E+00  .000E+00
 122   0    1.00  -60.00       .00   .00E+00  1   .00  1.00  1.00  1.00     .00  .000E+00  .000E+00  .000E+00
 123   0     .00  -61.00       .00   .00E+00  1   .00  1.00  1.00  1.00     .00  .000E+00  .000E+00  .000E+00
 124   0    1.00  -61.00       .00   .00E+00  1   .00  1.00  1.00  1.00     .00  .000E+00  .000E+00  .000E+00
 125   0     .00  -62.00       .00   .00E+00  1   .00  1.00  1.00  1.00     .00  .000E+00  .000E+00  .000E+00
 126   0    1.00  -62.00       .00   .00E+00  1   .00  1.00  1.00  1.00     .00  .000E+00  .000E+00  .000E+00
 127   0     .00  -63.00       .00   .00E+00  1   .00  1.00  1.00  1.00     .00  .000E+00  .000E+00  .000E+00
 128   0    1.00  -63.00       .00   .00E+00  1   .00  1.00  1.00  1.00     .00  .000E+00  .000E+00  .000E+00
 129   0     .00  -64.00       .00   .00E+00  1   .00  1.00  1.00  1.00     .00  .000E+00  .000E+00  .000E+00
 130   0    1.00  -64.00       .00   .00E+00  1   .00  1.00  1.00  1.00     .00  .000E+00  .000E+00  .000E+00
 131   0     .00  -65.00       .00   .00E+00  1   .00  1.00  1.00  1.00     .00  .000E+00  .000E+00  .000E+00
 132   0    1.00  -65.00       .00   .00E+00  1   .00  1.00  1.00  1.00     .00  .000E+00  .000E+00  .000E+00
 133   0     .00  -66.00       .00   .00E+00  1   .00  1.00  1.00  1.00     .00  .000E+00  .000E+00  .000E+00
 134   0    1.00  -66.00       .00   .00E+00  1   .00  1.00  1.00  1.00     .00  .000E+00  .000E+00  .000E+00
 135   0     .00  -67.00       .00   .00E+00  1   .00  1.00  1.00  1.00     .00  .000E+00  .000E+00  .000E+00
 136   0    1.00  -67.00       .00   .00E+00  1   .00  1.00  1.00  1.00     .00  .000E+00  .000E+00  .000E+00
 137   0     .00  -68.00       .00   .00E+00  1   .00  1.00  1.00  1.00     .00  .000E+00  .000E+00  .000E+00
 138   0    1.00  -68.00       .00   .00E+00  1   .00  1.00  1.00  1.00     .00  .000E+00  .000E+00  .000E+00
 139   0     .00  -69.00       .00   .00E+00  1   .00  1.00  1.00  1.00     .00  .000E+00  .000E+00  .000E+00
 140   0    1.00  -69.00       .00   .00E+00  1   .00  1.00  1.00  1.00     .00  .000E+00  .000E+00  .000E+00
 141   0     .00  -70.00       .00   .00E+00  1   .00  1.00  1.00  1.00     .00  .000E+00  .000E+00  .000E+00
 142   0    1.00  -70.00       .00   .00E+00  1   .00  1.00  1.00  1.00     .00  .000E+00  .000E+00  .000E+00
 143   0     .00  -71.00       .00   .00E+00  1   .00  1.00  1.00  1.00     .00  .000E+00  .000E+00  .000E+00
 144   0    1.00  -71.00       .00   .00E+00  1   .00  1.00  1.00  1.00     .00  .000E+00  .000E+00  .000E+00
 145   0     .00  -72.00       .00   .00E+00  1   .00  1.00  1.00  1.00     .00  .000E+00  .000E+00  .000E+00
 146   0    1.00  -72.00       .00   .00E+00  1   .00  1.00  1.00  1.00     .00  .000E+00  .000E+00  .000E+00
 147   0     .00  -73.00       .00   .00E+00  1   .00  1.00  1.00  1.00     .00  .000E+00  .000E+00  .000E+00
 148   0    1.00  -73.00       .00   .00E+00  1   .00  1.00  1.00  1.00     .00  .000E+00  .000E+00  .000E+00
 149   0     .00  -74.00       .00   .00E+00  1   .00  1.00  1.00  1.00     .00  .000E+00  .000E+00  .000E+00
 150   0    1.00  -74.00       .00   .00E+00  1   .00  1.00  1.00  1.00     .00  .000E+00  .000E+00  .000E+00
 151   0     .00  -75.00       .00   .00E+00  1   .00  1.00  1.00  1.00     .00  .000E+00  .000E+00  .000E+00
 152   0    1.00  -75.00       .00   .00E+00  1   .00  1.00  1.00  1.00     .00  .000E+00  .000E+00  .000E+00
 153   0     .00  -76.00       .00   .00E+00  1   .00  1.00  1.00  1.00     .00  .000E+00  .000E+00  .000E+00
 154   0    1.00  -76.00       .00   .00E+00  1   .00  1.00  1.00  1.00     .00  .000E+00  .000E+00  .000E+00
 155   0     .00  -77.00       .00   .00E+00  1   .00  1.00  1.00  1.00     .00  .000E+00  .000E+00  .000E+00
 156   0    1.00  -77.00       .00   .00E+00  1   .00  1.00  1.00  1.00     .00  .000E+00  .000E+00  .000E+00
 157   0     .00  -78.00       .00   .00E+00  1   .00  1.00  1.00  1.00     .00  .000E+00  .000E+00  .000E+00
 158   0    1.00  -78.00       .00   .00E+00  1   .00  1.00  1.00  1.00     .00  .000E+00  .000E+00  .000E+00
 159   0     .00  -79.00       .00   .00E+00  1   .00  1.00  1.00  1.00     .00  .000E+00  .000E+00  .000E+00
 160   0    1.00  -79.00       .00   .00E+00  1   .00  1.00  1.00  1.00     .00  .000E+00  .000E+00  .000E+00
 161   0     .00  -80.00       .00   .00E+00  1   .00  1.00  1.00  1.00     .00  .000E+00  .000E+00  .000E+00
 162   0    1.00  -80.00       .00   .00E+00  1   .00  1.00  1.00  1.00     .00  .000E+00  .000E+00  .000E+00
 163   0     .00  -81.00       .00   .00E+00  1   .00  1.00  1.00  1.00     .00  .000E+00  .000E+00  .000E+00
 164   0    1.00  -81.00       .00   .00E+00  1   .00  1.00  1.00  1.00     .00  .000E+00  .000E+00  .000E+00
 165   0     .00  -82.00       .00   .00E+00  1   .00  1.00  1.00  1.00     .00  .000E+00  .000E+00  .000E+00
 166   0    1.00  -82.00       .00   .00E+00  1   .00  1.00  1.00  1.00     .00  .000E+00  .000E+00  .000E+00
 167   0     .00  -83.00       .00   .00E+00  1   .00  1.00  1.00  1.00     .00  .000E+00  .000E+00  .000E+00
 168   0    1.00  -83.00       .00   .00E+00  1   .00  1.00  1.00  1.00     .00  .000E+00  .000E+00  .000E+00
 169   0     .00  -84.00       .00   .00E+00  1   .00  1.00  1.00  1.00     .00  .000E+00  .000E+00  .000E+00
 170   0    1.00  -84.00       .00   .00E+00  1   .00  1.00  1.00  1.00     .00  .000E+00  .000E+00  .000E+00
 171   0     .00  -85.00       .00   .00E+00  1   .00  1.00  1.00  1.00     .00  .000E+00  .000E+00  .000E+00
 172   0    1.00  -85.00       .00   .00E+00  1   .00  1.00  1.00  1.00     .00  .000E+00  .000E+00  .000E+00
 173   0     .00  -86.00       .00   .00E+00  1   .00  1.00  1.00  1.00     .00  .000E+00  .000E+00  .000E+00
 174   0    1.00  -86.00       .00   .00E+00  1   .00  1.00  1.00  1.00     .00  .000E+00  .000E+00  .000E+00
 175   0     .00  -87.00       .00   .00E+00  1   .00  1.00  1.00  1.00     .00  .000E+00  .000E+00  .000E+00
 176   0    1.00  -87.00       .00   .00E+00  1   .00  1.00  1.00  1.00     .00  .000E+00  .000E+00  .000E+00
 177   0     .00  -88.00       .00   .00E+00  1   .00  1.00  1.00  1.00     .00  .000E+00  .000E+00  .000E+00
 178   0    1.00  -88.00       .00   .00E+00  1   .00  1.00  1.00  1.00     .00  .000E+00  .000E+00  .000E+00
 179   0     .00  -89.00       .00   .00E+00  1   .00  1.00  1.00  1.00     .00  .000E+00  .000E+00  .000E+00
 180   0    1.00  -89.00       .00   .00E+00  1   .00  1.00  1.00  1.00     .00  .000E+00  .000E+00  .000E+00
 181   0     .00  -90.00       .00   .00E+00  1   .00  1.00  1.00  1.00     .00  .000E+00  .000E+00  .000E+00
 182   0    1.00  -90.00       .00   .00E+00  1   .00  1.00  1.00  1.00     .00  .000E+00  .000E+00  .000E+00
 183   0     .00  -91.00       .00   .00E+00  1   .00  1.00  1.00  1.00     .00  .000E+00  .000E+00  .000E+00
 184   0    1.00  -91.00       .00   .00E+00  1   .00  1.00  1.00  1.00     .00  .000E+00  .000E+00  .000E+00
 185   0     .00  -92.00       .00   .00E+00  1   .00  1.00  1.00  1.00     .00  .000E+00  .000E+00  .000E+00
 186   0    1.00  -92.00       .00   .00E+00  1   .00  1.00  1.00  1.00     .00  .000E+00  .000E+00  .000E+00
 187   0     .00  -93.00       .00   .00E+00  1   .00  1.00  1.00  1.00     .00  .000E+00  .000E+00  .000E+00
 188   0    1.00  -93.00       .00   .00E+00  1   .00  1.00  1.00  1.00     .00  .000E+00  .000E+00  .000E+00
 189   0     .00  -94.00       .00   .00E+00  1   .00  1.00  1.00  1.00     .00  .000E+00  .000E+00  .000E+00
 190   0    1.00  -94.00       .00   .00E+00  1   .00  1.00  1.00  1.00     .00  .000E+00  .000E+00  .000E+00
 191   0     .00  -95.00       .00   .00E+00  1   .00  1.00  1.00  1.00     .00  .000E+00  .000E+00  .000E+00
 192   0    1.00  -95.00       .00   .00E+00  1   .00  1.00  1.00  1.00     .00  .000E+00  .000E+00  .000E+00
 193   0     .00  -96.00       .00   .00E+00  1   .00  1.00  1.00  1.00     .00  .000E+00  .000E+00  .000E+00
 194   0    1.00  -96.00       .00   .00E+00  1   .00  1.00  1.00  1.00     .00  .000E+00  .000E+00  .000E+00
 195   0     .00  -97.00       .00   .00E+00  1   .00  1.00  1.00  1.00     .00  .000E+00  .000E+00  .000E+00
 196   0    1.00  -97.00       .00   .00E+00  1   .00  1.00  1.00  1.00     .00  .000E+00  .000E+00  .000E+00
 197   0     .00  -98.00       .00   .00E+00  1   .00  1.00  1.00  1.00     .00  .000E+00  .000E+00  .000E+00
 198   0    1.00  -98.00       .00   .00E+00  1   .00  1.00  1.00  1.00     .00  .000E+00  .000E+00  .000E+00
 199   0     .00  -99.00       .00   .00E+00  1   .00  1.00  1.00  1.00     .00  .000E+00  .000E+00  .000E+00
 200   0    1.00  -99.00       .00   .00E+00  1   .00  1.00  1.00  1.00     .00  .000E+00  .000E+00  .000E+00
 201   0     .00 -100.00       .00   .00E+00  1   .00  1.00  1.00  1.00     .00  .000E+00  .000E+00  .000E+00
 202   0    1.00 -100.00       .00   .00E+00  1   .00  1.00  1.00  1.00     .00  .000E+00  .000E+00  .000E+00
 203   0     .00 -101.00       .00   .00E+00  1   .00  1.00  1.00  1.00     .00  .000E+00  .000E+00  .000E+00
 204   0    1.00 -101.00       .00   .00E+00  1   .00  1.00  1.00  1.00     .00  .000E+00  .000E+00  .000E+00
 205   0     .00 -102.00       .00   .00E+00  1   .00  1.00  1.00  1.00     .00  .000E+00  .000E+00  .000E+00
 206   0    1.00 -102.00       .00   .00E+00  1   .00  1.00  1.00  1.00     .00  .000E+00  .000E+00  .000E+00
 207   0     .00 -103.00       .00   .00E+00  1   .00  1.00  1.00  1.00     .00  .000E+00  .000E+00  .000E+00
 208   0    1.00 -103.00       .00   .00E+00  1   .00  1.00  1.00  1.00     .00  .000E+00  .000E+00  .000E+00
 209   0     .00 -104.00       .00   .00E+00  1   .00  1.00  1.00  1.00     .00  .000E+00  .000E+00  .000E+00
 210   0    1.00 -104.00       .00   .00E+00  1   .00  1.00  1.00  1.00     .00  .000E+00  .000E+00  .000E+00
 211   0     .00 -105.00       .00   .00E+00  1   .00  1.00  1.00  1.00     .00  .000E+00  .000E+00  .000E+00
 212   0    1.00 -105.00       .00   .00E+00  1   .00  1.00  1.00  1.00     .00  .000E+00  .000E+00  .000E+00
 213   0     .00 -106.00       .00   .00E+00  1   .00  1.00  1.00  1.00     .00  .000E+00  .000E+00  .000E+00
 214   0    1.00 -106.00       .00   .00E+00  1   .00  1.00  1.00  1.00     .00  .000E+00  .000E+00  .000E+00
 215   0     .00 -107.00       .00   .00E+00  1   .00  1.00  1.00  1.00     .00  .000E+00  .000E+00  .000E+00
 216   0    1.00 -107.00       .00   .00E+00  1   .00  1.00  1.00  1.00     .00  .000E+00  .000E+00  .000E+00
 217   0     .00 -108.00       .00   .00E+00  1   .00  1.00  1.00  1.00     .00  .000E+00  .000E+00  .000E+00
 218   0    1.00 -108.00       .00   .00E+00  1   .00  1.00  1.00  1.00     .00  .000E+00  .000E+00  .000E+00
 219   0     .00 -109.00       .00   .00E+00  1   .00  1.00  1.00  1.00     .00  .000E+00  .000E+00  .000E+00
 220   0    1.00 -109.00       .00   .00E+00  1   .00  1.00  1.00  1.00     .00  .000E+00  .000E+00  .000E+00
 221   0     .00 -110.00       .00   .00E+00  1   .00  1.00  1.00  1.00     .00  .000E+00  .000E+00  .000E+00
 222   0    1.00 -110.00       .00   .00E+00  1   .00  1.00  1.00  1.00     .00  .000E+00  .000E+00  .000E+00
 223   0     .00 -111.00       .00   .00E+00  1   .00  1.00  1.00  1.00     .00  .000E+00  .000E+00  .000E+00
 224   0    1.00 -111.00       .00   .00E+00  1   .00  1.00  1.00  1.00     .00  .000E+00  .000E+00  .000E+00
 225   0     .00 -112.00       .00   .00E+00  1   .00  1.00  1.00  1.00     .00  .000E+00  .000E+00  .000E+00
 226   0    1.00 -112.00       .00   .00E+00  1   .00  1.00  1.00  1.00     .00  .000E+00  .000E+00  .000E+00
 227   0     .00 -113.00       .00   .00E+00  1   .00  1.00  1.00  1.00     .00  .000E+00  .000E+00  .000E+00
 228   0    1.00 -113.00       .00   .00E+00  1   .00  1.00  1.00  1.00     .00  .000E+00  .000E+00  .000E+00
 229   0     .00 -114.00       .00   .00E+00  1   .00  1.00  1.00  1.00     .00  .000E+00  .000E+00  .000E+00
 230   0    1.00 -114.00       .00   .00E+00  1   .00  1.00  1.00  1.00     .00  .000E+00  .000E+00  .000E+00
 231   0     .00 -115.00       .00   .00E+00  1   .00  1.00  1.00  1.00     .00  .000E+00  .000E+00  .000E+00
 232   0    1.00 -115.00       .00   .00E+00  1   .00  1.00  1.00  1.00     .00  .000E+00  .000E+00  .000E+00
 233   0     .00 -116.00       .00   .00E+00  1   .00  1.00  1.00  1.00     .00  .000E+00  .000E+00  .000E+00
 234   0    1.00 -116.00       .00   .00E+00  1   .00  1.00  1.00  1.00     .00  .000E+00  .000E+00  .000E+00
 235   0     .00 -117.00       .00   .00E+00  1   .00  1.00  1.00  1.00     .00  .000E+00  .000E+00  .000E+00
 236   0    1.00 -117.00       .00   .00E+00  1   .00  1.00  1.00  1.00     .00  .000E+00  .000E+00  .000E+00
 237   0     .00 -118.00       .00   .00E+00  1   .00  1.00  1.00  1.00     .00  .000E+00  .000E+00  .000E+00
 238   0    1.00 -118.00       .00   .00E+00  1   .00  1.00  1.00  1.00     .00  .000E+00  .000E+00  .000E+00
 239   0     .00 -119.00       .00   .00E+00  1   .00  1.00  1.00  1.00     .00  .000E+00  .000E+00  .000E+00
 240   0    1.00 -119.00       .00   .00E+00  1   .00  1.00  1.00  1.00     .00  .000E+00  .000E+00  .000E+00
 241   0     .00 -120.00       .00   .00E+00  1   .00  1.00  1.00  1.00     .00  .000E+00  .000E+00  .000E+00
 242   0    1.00 -120.00       .00   .00E+00  1   .00  1.00  1.00  1.00     .00  .000E+00  .000E+00  .000E+00
 243   0     .00 -121.00       .00   .00E+00  1   .00  1.00  1.00  1.00     .00  .000E+00  .000E+00  .000E+00
 244   0    1.00 -121.00       .00   .00E+00  1   .00  1.00  1.00  1.00     .00  .000E+00  .000E+00  .000E+00
 245   0     .00 -122.00       .00   .00E+00  1   .00  1.00  1.00  1.00     .00  .000E+00  .000E+00  .000E+00
 246   0    1.00 -122.00       .00   .00E+00  1   .00  1.00  1.00  1.00     .00  .000E+00  .000E+00  .000E+00
 247   0     .00 -123.00       .00   .00E+00  1   .00  1.00  1.00  1.00     .00  .000E+00  .000E+00  .000E+00
 248   0    1.00 -123.00       .00   .00E+00  1   .00  1.00  1.00  1.00     .00  .000E+00  .000E+00  .000E+00
 249   0     .00 -124.00       .00   .00E+00  1   .00  1.00  1.00  1.00     .00  .000E+00  .000E+00  .000E+00
 250   0    1.00 -124.00       .00   .00E+00  1   .00  1.00  1.00  1.00     .00  .000E+00  .000E+00  .000E+00
 251   0     .00 -125.00       .00   .00E+00  1   .00  1.00  1.00  1.00     .00  .000E+00  .000E+00  .000E+00
 252   0    1.00 -125.00       .00   .00E+00  1   .00  1.00  1.00  1.00     .00  .000E+00  .000E+00  .000E+00
 253   0     .00 -126.00       .00   .00E+00  1   .00  1.00  1.00  1.00     .00  .000E+00  .000E+00  .000E+00
 254   0    1.00 -126.00       .00   .00E+00  1   .00  1.00  1.00  1.00     .00  .000E+00  .000E+00  .000E+00
 255   0     .00 -127.00       .00   .00E+00  1   .00  1.00  1.00  1.00     .00  .000E+00  .000E+00  .000E+00
 256   0    1.00 -127.00       .00   .00E+00  1   .00  1.00  1.00  1.00     .00  .000E+00  .000E+00  .000E+00
 257   0     .00 -128.00       .00   .00E+00  1   .00  1.00  1.00  1.00     .00  .000E+00  .000E+00  .000E+00
 258   0    1.00 -128.00       .00   .00E+00  1   .00  1.00  1.00  1.00     .00  .000E+00  .000E+00  .000E+00
 259   0     .00 -129.00       .00   .00E+00  1   .00  1.00  1.00  1.00     .00  .000E+00  .000E+00  .000E+00
 260   0    1.00 -129.00       .00   .00E+00  1   .00  1.00  1.00  1.00     .00  .000E+00  .000E+00  .000E+00
 261   0     .00 -130.00       .00   .00E+00  1   .00  1.00  1.00  1.00     .00  .000E+00  .000E+00  .000E+00
 262   0    1.00 -130.00       .00   .00E+00  1   .00  1.00  1.00  1.00     .00  .000E+00  .000E+00  .000E+00
 263   0     .00 -131.00       .00   .00E+00  1   .00  1.00  1.00  1.00     .00  .000E+00  .000E+00  .000E+00
 264   0    1.00 -131.00       .00   .00E+00  1   .00  1.00  1.00  1.00     .00  .000E+00  .000E+00  .000E+00
 265   0     .00 -132.00       .00   .00E+00  1   .00  1.00  1.00  1.00     .00  .000E+00  .000E+00  .000E+00
 266   0    1.00 -132.00       .00   .00E+00  1   .00  1.00  1.00  1.00     .00  .000E+00  .000E+00  .000E+00
 267   0     .00 -133.00       .00   .00E+00  1   .00  1.00  1.00  1.00     .00  .000E+00  .000E+00  .000E+00
 268   0    1.00 -133.00       .00   .00E+00  1   .00  1.00  1.00  1.00     .00  .000E+00  .000E+00  .000E+00
 269   0     .00 -134.00       .00   .00E+00  1   .00  1.00  1.00  1.00     .00  .000E+00  .000E+00  .000E+00
 270   0    1.00 -134.00       .00   .00E+00  1   .00  1.00  1.00  1.00     .00  .000E+00  .000E+00  .000E+00
 271   0     .00 -135.00       .00   .00E+00  1   .00  1.00  1.00  1.00     .00  .000E+00  .000E+00  .000E+00
 272   0    1.00 -135.00       .00   .00E+00  1   .00  1.00  1.00  1.00     .00  .000E+00  .000E+00  .000E+00
 273   0     .00 -136.00       .00   .00E+00  1   .00  1.00  1.00  1.00     .00  .000E+00  .000E+00  .000E+00
 274   0    1.00 -136.00       .00   .00E+00  1   .00  1.00  1.00  1.00     .00  .000E+00  .000E+00  .000E+00
 275   0     .00 -137.00       .00   .00E+00  1   .00  1.00  1.00  1.00     .00  .000E+00  .000E+00  .000E+00
 276   0    1.00 -137.00       .00   .00E+00  1   .00  1.00  1.00  1.00     .00  .000E+00  .000E+00  .000E+00
 277   0     .00 -138.00       .00   .00E+00  1   .00  1.00  1.00  1.00     .00  .000E+00  .000E+00  .000E+00
 278   0    1.00 -138.00       .00   .00E+00  1   .00  1.00  1.00  1.00     .00  .000E+00  .000E+00  .000E+00
 279   0     .00 -139.00       .00   .00E+00  1   .00  1.00  1.00  1.00     .00  .000E+00  .000E+00  .000E+00
 280   0    1.00 -139.00       .00   .00E+00  1   .00  1.00  1.00  1.00     .00  .000E+00  .000E+00  .000E+00
 281   0     .00 -140.00       .00   .00E+00  1   .00  1.00  1.00  1.00     .00  .000E+00  .000E+00  .000E+00
 282   0    1.00 -140.00       .00   .00E+00  1   .00  1.00  1.00  1.00     .00  .000E+00  .000E+00  .000E+00
 283   0     .00 -141.00       .00   .00E+00  1   .00  1.00  1.00  1.00     .00  .000E+00  .000E+00  .000E+00
 284   0    1.00 -141.00       .00   .00E+00  1   .00  1.00  1.00  1.00     .00  .000E+00  .000E+00  .000E+00
 285   0     .00 -142.00       .00   .00E+00  1   .00  1.00  1.00  1.00     .00  .000E+00  .000E+00  .000E+00
 286   0    1.00 -142.00       .00   .00E+00  1   .00  1.00  1.00  1.00     .00  .000E+00  .000E+00  .000E+00
 287   0     .00 -143.00       .00   .00E+00  1   .00  1.00  1.00  1.00     .00  .000E+00  .000E+00  .000E+00
 288   0    1.00 -143.00       .00   .00E+00  1   .00  1.00  1.00  1.00     .00  .000E+00  .000E+00  .000E+00
 289   0     .00 -144.00       .00   .00E+00  1   .00  1.00  1.00  1.00     .00  .000E+00  .000E+00  .000E+00
 290   0    1.00 -144.00       .00   .00E+00  1   .00  1.00  1.00  1.00     .00  .000E+00  .000E+00  .000E+00
 291   0     .00 -145.00       .00   .00E+00  1   .00  1.00  1.00  1.00     .00  .000E+00  .000E+00  .000E+00
 292   0    1.00 -145.00       .00   .00E+00  1   .00  1.00  1.00  1.00     .00  .000E+00  .000E+00  .000E+00
 293   0     .00 -146.00       .00   .00E+00  1   .00  1.00  1.00  1.00     .00  .000E+00  .000E+00  .000E+00
 294   0    1.00 -146.00       .00   .00E+00  1   .00  1.00  1.00  1.00     .00  .000E+00  .000E+00  .000E+00
 295   0     .00 -147.00       .00   .00E+00  1   .00  1.00  1.00  1.00     .00  .000E+00  .000E+00  .000E+00
 296   0    1.00 -147.00       .00   .00E+00  1   .00  1.00  1.00  1.00     .00  .000E+00  .000E+00  .000E+00
 297   0     .00 -148.00       .00   .00E+00  1   .00  1.00  1.00  1.00     .00  .000E+00  .000E+00  .000E+00
 298   0    1.00 -148.00       .00   .00E+00  1   .00  1.00  1.00  1.00     .00  .000E+00  .000E+00  .000E+00
 299   0     .00 -149.00       .00   .00E+00  1   .00  1.00  1.00  1.00     .00  .000E+00  .000E+00  .000E+00
 300   0    1.00 -149.00       .00   .00E+00  1   .00  1.00  1.00  1.00     .00  .000E+00  .000E+00  .000E+00
 301   0     .00 -150.00       .00   .00E+00  1   .00  1.00  1.00  1.00     .00  .000E+00  .000E+00  .000E+00
 302   0    1.00 -150.00       .00   .00E+00  1   .00  1.00  1.00  1.00     .00  .000E+00  .000E+00  .000E+00
 303   0     .00 -151.00       .00   .00E+00  1   .00  1.00  1.00  1.00     .00  .000E+00  .000E+00  .000E+00
 304   0    1.00 -151.00       .00   .00E+00  1   .00  1.00  1.00  1.00     .00  .000E+00  .000E+00  .000E+00
 305   0     .00 -152.00       .00   .00E+00  1   .00  1.00  1.00  1.00     .00  .000E+00  .000E+00  .000E+00
 306   0    1.00 -152.00       .00   .00E+00  1   .00  1.00  1.00  1.00     .00  .000E+00  .000E+00  .000E+00
 307   0     .00 -153.00       .00   .00E+00  1   .00  1.00  1.00  1.00     .00  .000E+00  .000E+00  .000E+00
 308   0    1.00 -153.00       .00   .00E+00  1   .00  1.00  1.00  1.00     .00  .000E+00  .000E+00  .000E+00
 309   0     .00 -154.00       .00   .00E+00  1   .00  1.00  1.00  1.00     .00  .000E+00  .000E+00  .000E+00
 310   0    1.00 -154.00       .00   .00E+00  1   .00  1.00  1.00  1.00     .00  .000E+00  .000E+00  .000E+00
 311   0     .00 -155.00       .00   .00E+00  1   .00  1.00  1.00  1.00     .00  .000E+00  .000E+00  .000E+00
 312   0    1.00 -155.00       .00   .00E+00  1   .00  1.00  1.00  1.00     .00  .000E+00  .000E+00  .000E+00
 313   0     .00 -156.00       .00   .00E+00  1   .00  1.00  1.00  1.00     .00  .000E+00  .000E+00  .000E+00
 314   0    1.00 -156.00       .00   .00E+00  1   .00  1.00  1.00  1.00     .00  .000E+00  .000E+00  .000E+00
 315   0     .00 -157.00       .00   .00E+00  1   .00  1.00  1.00  1.00     .00  .000E+00  .000E+00  .000E+00
 316   0    1.00 -157.00       .00   .00E+00  1   .00  1.00  1.00  1.00     .00  .000E+00  .000E+00  .000E+00
 317   0     .00 -158.00       .00   .00E+00  1   .00  1.00  1.00  1.00     .00  .000E+00  .000E+00  .000E+00
 318   0    1.00 -158.00       .00   .00E+00  1   .00  1.00  1.00  1.00     .00  .000E+00  .000E+00  .000E+00
 319   0     .00 -159.00       .00   .00E+00  1   .00  1.00  1.00  1.00     .00  .000E+00  .000E+00  .000E+00
 320   0    1.00 -159.00       .00   .00E+00  1   .00  1.00  1.00  1.00     .00  .000E+00  .000E+00  .000E+00
 321   0     .00 -160.00       .00   .00E+00  1   .00  1.00  1.00  1.00     .00  .000E+00  .000E+00  .000E+00
 322   0    1.00 -160.00       .00   .00E+00  1   .00  1.00  1.00  1.00     .00  .000E+00  .000E+00  .000E+00
 323   0     .00 -161.00       .00   .00E+00  1   .00  1.00  1.00  1.00     .00  .000E+00  .000E+00  .000E+00
 324   0    1.00 -161.00       .00   .00E+00  1   .00  1.00  1.00  1.00     .00  .000E+00  .000E+00  .000E+00
 325   0     .00 -162.00       .00   .00E+00  1   .00  1.00  1.00  1.00     .00  .000E+00  .000E+00  .000E+00
 326   0    1.00 -162.00       .00   .00E+00  1   .00  1.00  1.00  1.00     .00  .000E+00  .000E+00  .000E+00
 327   0     .00 -163.00       .00   .00E+00  1   .00  1.00  1.00  1.00     .00  .000E+00  .000E+00  .000E+00
 328   0    1.00 -163.00       .00   .00E+00  1   .00  1.00  1.00  1.00     .00  .000E+00  .000E+00  .000E+00
 329   0     .00 -164.00       .00   .00E+00  1   .00  1.00  1.00  1.00     .00  .000E+00  .000E+00  .000E+00
 330   0    1.00 -164.00       .00   .00E+00  1   .00  1.00  1.00  1.00     .00  .000E+00  .000E+00  .000E+00
 331   0     .00 -165.00       .00   .00E+00  1   .00  1.00  1.00  1.00     .00  .000E+00  .000E+00  .000E+00
 332   0    1.00 -165.00       .00   .00E+00  1   .00  1.00  1.00  1.00     .00  .000E+00  .000E+00  .000E+00
 333   0     .00 -166.00       .00   .00E+00  1   .00  1.00  1.00  1.00     .00  .000E+00  .000E+00  .000E+00
 334   0    1.00 -166.00       .00   .00E+00  1   .00  1.00  1.00  1.00     .00  .000E+00  .000E+00  .000E+00
 335   0     .00 -167.00       .00   .00E+00  1   .00  1.00  1.00  1.00     .00  .000E+00  .000E+00  .000E+00
 336   0    1.00 -167.00       .00   .00E+00  1   .00  1.00  1.00  1.00     .00  .000E+00  .000E+00  .000E+00
 337   0     .00 -168.00       .00   .00E+00  1   .00  1.00  1.00  1.00     .00  .000E+00  .000E+00  .000E+00
 338   0    1.00 -168.00       .00   .00E+00  1   .00  1.00  1.00  1.00     .00  .000E+00  .000E+00  .000E+00
 339   0     .00 -169.00       .00   .00E+00  1   .00  1.00  1.00  1.00     .00  .000E+00  .000E+00  .000E+00
 340   0    1.00 -169.00       .00   .00E+00  1   .00  1.00  1.00  1.00     .00  .000E+00  .000E+00  .000E+00
 341   0     .00 -170.00       .00   .00E+00  1   .00  1.00  1.00  1.00     .00  .000E+00  .000E+00  .000E+00
 342   0    1.00 -170.00       .00   .00E+00  1   .00  1.00  1.00  1.00     .00  .000E+00  .000E+00  .000E+00
 343   0     .00 -171.00       .00   .00E+00  1   .00  1.00  1.00  1.00     .00  .000E+00  .000E+00  .000E+00
 344   0    1.00 -171.00       .00   .00E+00  1   .00  1.00  1.00  1.00     .00  .000E+00  .000E+00  .000E+00
 345   0     .00 -172.00       .00   .00E+00  1   .00  1.00  1.00  1.00     .00  .000E+00  .000E+00  .000E+00
 346   0    1.00 -172.00       .00   .00E+00  1   .00  1.00  1.00  1.00     .00  .000E+00  .000E+00  .000E+00
 347   0     .00 -173.00       .00   .00E+00  1   .00  1.00  1.00  1.00     .00  .000E+00  .000E+00  .000E+00
 348   0    1.00 -173.00       .00   .00E+00  1   .00  1.00  1.00  1.00     .00  .000E+00  .000E+00  .000E+00
 349   0     .00 -174.00       .00   .00E+00  1   .00  1.00  1.00  1.00     .00  .000E+00  .000E+00  .000E+00
 350   0    1.00 -174.00       .00   .00E+00  1   .00  1.00  1.00  1.00     .00  .000E+00  .000E+00  .000E+00
 351   0     .00 -175.00       .00   .00E+00  1   .00  1.00  1.00  1.00     .00  .000E+00  .000E+00  .000E+00
 352   0    1.00 -175.00       .00   .00E+00  1   .00  1.00  1.00  1.00     .00  .000E+00  .000E+00  .000E+00
 353   0     .00 -176.00       .00   .00E+00  1   .00  1.00  1.00  1.00     .00  .000E+00  .000E+00  .000E+00
 354   0    1.00 -176.00       .00   .00E+00  1   .00  1.00  1.00  1.00     .00  .000E+00  .000E+00  .000E+00
 355   0     .00 -177.00       .00   .00E+00  1   .00  1.00  1.00  1.00     .00  .000E+00  .000E+00  .000E+00
 356   0    1.00 -177.00       .00   .00E+00  1   .00  1.00  1.00  1.00     .00  .000E+00  .000E+00  .000E+00
 357   0     .00 -178.00       .00   .00E+00  1   .00  1.00  1.00  1.00     .00  .000E+00  .000E+00  .000E+00
 358   0    1.00 -178.00       .00   .00E+00  1   .00  1.00  1.00  1.00     .00  .000E+00  .000E+00  .000E+00
 359   0     .00 -179.00       .00   .00E+00  1   .00  1.00  1.00  1.00     .00  .000E+00  .000E+00  .000E+00
 360   0    1.00 -179.00       .00   .00E+00  1   .00  1.00  1.00  1.00     .00  .000E+00  .000E+00  .000E+00
 361   0     .00 -180.00       .00   .00E+00  1   .00  1.00  1.00  1.00     .00  .000E+00  .000E+00  .000E+00
 362   0    1.00 -180.00       .00   .00E+00  1   .00  1.00  1.00  1.00     .00  .000E+00  .000E+00  .000E+00
 363   0     .00 -181.00       .00   .00E+00  1   .00  1.00  1.00  1.00     .00  .000E+00  .000E+00  .000E+00
 364   0    1.00 -181.00       .00   .00E+00  1   .00  1.00  1.00  1.00     .00  .000E+00  .000E+00  .000E+00
 365   0     .00 -182.00       .00   .00E+00  1   .00  1.00  1.00  1.00     .00  .000E+00  .000E+00  .000E+00
 366   0    1.00 -182.00       .00   .00E+00  1   .00  1.00  1.00  1.00     .00  .000E+00  .000E+00  .000E+00
 367   0     .00 -183.00       .00   .00E+00  1   .00  1.00  1.00  1.00     .00  .000E+00  .000E+00  .000E+00
 368   0    1.00 -183.00       .00   .00E+00  1   .00  1.00  1.00  1.00     .00  .000E+00  .000E+00  .000E+00
 369   0     .00 -184.00       .00   .00E+00  1   .00  1.00  1.00  1.00     .00  .000E+00  .000E+00  .000E+00
 370   0    1.00 -184.00       .00   .00E+00  1   .00  1.00  1.00  1.00     .00  .000E+00  .000E+00  .000E+00
 371   0     .00 -185.00       .00   .00E+00  1   .00  1.00  1.00  1.00     .00  .000E+00  .000E+00  .000E+00
 372   0    1.00 -185.00       .00   .00E+00  1   .00  1.00  1.00  1.00     .00  .000E+00  .000E+00  .000E+00
 373   0     .00 -186.00       .00   .00E+00  1   .00  1.00  1.00  1.00     .00  .000E+00  .000E+00  .000E+00
 374   0    1.00 -186.00       .00   .00E+00  1   .00  1.00  1.00  1.00     .00  .000E+00  .000E+00  .000E+00
 375   0     .00 -187.00       .00   .00E+00  1   .00  1.00  1.00  1.00     .00  .000E+00  .000E+00  .000E+00
 376   0    1.00 -187.00       .00   .00E+00  1   .00  1.00  1.00  1.00     .00  .000E+00  .000E+00  .000E+00
 377   0     .00 -188.00       .00   .00E+00  1   .00  1.00  1.00  1.00     .00  .000E+00  .000E+00  .000E+00
 378   0    1.00 -188.00       .00   .00E+00  1   .00  1.00  1.00  1.00     .00  .000E+00  .000E+00  .000E+00
 379   0     .00 -189.00       .00   .00E+00  1   .00  1.00  1.00  1.00     .00  .000E+00  .000E+00  .000E+00
 380   0    1.00 -189.00       .00   .00E+00  1   .00  1.00  1.00  1.00     .00  .000E+00  .000E+00  .000E+00
 381   0     .00 -190.00       .00   .00E+00  1   .00  1.00  1.00  1.00     .00  .000E+00  .000E+00  .000E+00
 382   0    1.00 -190.00       .00   .00E+00  1   .00  1.00  1.00  1.00     .00  .000E+00  .000E+00  .000E+00
 383   0     .00 -191.00       .00   .00E+00  1   .00  1.00  1.00  1.00     .00  .000E+00  .000E+00  .000E+00
 384   0    1.00 -191.00       .00   .00E+00  1   .00  1.00  1.00  1.00     .00  .000E+00  .000E+00  .000E+00
 385   0     .00 -192.00       .00   .00E+00  1   .00  1.00  1.00  1.00     .00  .000E+00  .000E+00  .000E+00
 386   0    1.00 -192.00       .00   .00E+00  1   .00  1.00  1.00  1.00     .00  .000E+00  .000E+00  .000E+00
 387   0     .00 -193.00       .00   .00E+00  1   .00  1.00  1.00  1.00     .00  .000E+00  .000E+00  .000E+00
 388   0    1.00 -193.00       .00   .00E+00  1   .00  1.00  1.00  1.00     .00  .000E+00  .000E+00  .000E+00
 389   0     .00 -194.00       .00   .00E+00  1   .00  1.00  1.00  1.00     .00  .000E+00  .000E+00  .000E+00
 390   0    1.00 -194.00       .00   .00E+00  1   .00  1.00  1.00  1.00     .00  .000E+00  .000E+00  .000E+00
 391   0     .00 -195.00       .00   .00E+00  1   .00  1.00  1.00  1.00     .00  .000E+00  .000E+00  .000E+00
 392   0    1.00 -195.00       .00   .00E+00  1   .00  1.00  1.00  1.00     .00  .000E+00  .000E+00  .000E+00
 393   0     .00 -196.00       .00   .00E+00  1   .00  1.00  1.00  1.00     .00  .000E+00  .000E+00  .000E+00
 394   0    1.00 -196.00       .00   .00E+00  1   .00  1.00  1.00  1.00     .00  .000E+00  .000E+00  .000E+00
 395   0     .00 -197.00       .00   .00E+00  1   .00  1.00  1.00  1.00     .00  .000E+00  .000E+00  .000E+00
 396   0    1.00 -197.00       .00   .00E+00  1   .00  1.00  1.00  1.00     .00  .000E+00  .000E+00  .000E+00
 397   0     .00 -198.00       .00   .00E+00  1   .00  1.00  1.00  1.00     .00  .000E+00  .000E+00  .000E+00
 398   0    1.00 -198.00       .00   .00E+00  1   .00  1.00  1.00  1.00     .00  .000E+00  .000E+00  .000E+00
 399   0     .00 -199.00       .00   .00E+00  1   .00  1.00  1.00  1.00     .00  .000E+00  .000E+00  .000E+00
 400   0    1.00 -199.00       .00   .00E+00  1   .00  1.00  1.00  1.00     .00  .000E+00  .000E+00  .000E+00
 401   2     .00 -200.00       .00   .00E+00  1   .00  1.00  1.00  1.00     .00  .000E+00  .000E+00  .000E+00
 402   2    1.00 -200.00       .00   .00E+00  1   .00  1.00  1.00  1.00     .00  .000E+00  .000E+00  .000E+00
*** BLOCK J: ELEMENT INFORMATION **********************************************
    e    i    j    k    l  Angle  Aniz1  Aniz2 LayNum
    1    1    3    4    2    .00   1.00   1.00   1
    2    3    5    6    4    .00   1.00   1.00   1
    3    5    7    8    6    .00   1.00   1.00   1
    4    7    9   10    8    .00   1.00   1.00   1
    5    9   11   12   10    .00   1.00   1.00   1
    6   11   13   14   12    .00   1.00   1.00   1
    7   13   15   16   14    .00   1.00   1.00   1
    8   15   17   18   16    .00   1.00   1.00   1
    9   17   19   20   18    .00   1.00   1.00   1
   10   19   21   22   20    .00   1.00   1.00   1
   11   21   23   24   22    .00   1.00   1.00   1
   12   23   25   26   24    .00   1.00   1.00   1
   13   25   27   28   26    .00   1.00   1.00   1
   14   27   29   30   28    .00   1.00   1.00   1
   15   29   31   32   30    .00   1.00   1.00   1
   16   31   33   34   32    .00   1.00   1.00   1
   17   33   35   36   34    .00   1.00   1.00   1
   18   35   37   38   36    .00   1.00   1.00   1
   19   37   39   40   38    .00   1.00   1.00   1
   20   39   41   42   40    .00   1.00   1.00   1
   21   41   43   44   42    .00   1.00   1.00   1
   22   43   45   46   44    .00   1.00   1.00   1
   23   45   47   48   46    .00   1.00   1.00   1
   24   47   49   50   48    .00   1.00   1.00   1
   25   49   51   52   50    .00   1.00   1.00   1
   26   51   53   54   52    .00   1.00   1.00   1
   27   53   55   56   54    .00   1.00   1.00   1
   28   55   57   58   56    .00   1.00   1.00   1
   29   57   59   60   58    .00   1.00   1.00   1
   30   59   61   62   60    .00   1.00   1.00   1
   31   61   63   64   62    .00   1.00   1.00   1
   32   63   65   66   64    .00   1.00   1.00   1
   33   65   67   68   66    .00   1.00   1.00   1
   34   67   69   70   68    .00   1.00   1.00   1
   35   69   71   72   70    .00   1.00   1.00   1
   36   71   73   74   72    .00   1.00   1.00   1
   37   73   75   76   74    .00   1.00   1.00   1
   38   75   77   78   76    .00   1.00   1.00   1
   39   77   79   80   78    .00   1.00   1.00   1
   40   79   81   82   80    .00   1.00   1.00   1
   41   81   83   84   82    .00   1.00   1.00   1
   42   83   85   86   84    .00   1.00   1.00   1
   43   85   87   88   86    .00   1.00   1.00   1
   44   87   89   90   88    .00   1.00   1.00   1
   45   89   91   92   90    .00   1.00   1.00   1
   46   91   93   94   92    .00   1.00   1.00   1
   47   93   95   96   94    .00   1.00   1.00   1
   48   95   97   98   96    .00   1.00   1.00   1
   49   97   99  100   98    .00   1.00   1.00   1
   50   99  101  102  100    .00   1.00   1.00   1
   51  101  103  104  102    .00   1.00   1.00   1
   52  103  105  106  104    .00   1.00   1.00   1
   53  105  107  108  106    .00   1.00   1.00   1
   54  107  109  110  108    .00   1.00   1.00   1
   55  109  111  112  110    .00   1.00   1.00   1
   56  111  113  114  112    .00   1.00   1.00   1
   57  113  115  116  114    .00   1.00   1.00   1
   58  115  117  118  116    .00   1.00   1.00   1
   59  117  119  120  118    .00   1.00   1.00   1
   60  119  121  122  120    .00   1.00   1.00   1
   61  121  123  124  122    .00   1.00   1.00   1
   62  123  125  126  124    .00   1.00   1.00   1
   63  125  127  128  126    .00   1.00   1.00   1
   64  127  129  130  128    .00   1.00   1.00   1
   65  129  131  132  130    .00   1.00   1.00   1
   66  131  133  134  132    .00   1.00   1.00   1
   67  133  135  136  134    .00   1.00   1.00   1
   68  135  137  138  136    .00   1.00   1.00   1
   69  137  139  140  138    .00   1.00   1.00   1
   70  139  141  142  140    .00   1.00   1.00   1
   71  141  143  144  142    .00   1.00   1.00   1
   72  143  145  146  144    .00   1.00   1.00   1
   73  145  147  148  146    .00   1.00   1.00   1
   74  147  149  150  148    .00   1.00   1.00   1
   75  149  151  152  150    .00   1.00   1.00   1
   76  151  153  154  152    .00   1.00   1.00   1
   77  153  155  156  154    .00   1.00   1.00   1
   78  155  157  158  156    .00   1.00   1.00   1
   79  157  159  160  158    .00   1.00   1.00   1
   80  159  161  162  160    .00   1.00   1.00   1
   81  161  163  164  162    .00   1.00   1.00   1
   82  163  165  166  164    .00   1.00   1.00   1
   83  165  167  168  166    .00   1.00   1.00   1
   84  167  169  170  168    .00   1.00   1.00   1
   85  169  171  172  170    .00   1.00   1.00   1
   86  171  173  174  172    .00   1.00   1.00   1
   87  173  175  176  174    .00   1.00   1.00   1
   88  175  177  178  176    .00   1.00   1.00   1
   89  177  179  180  178    .00   1.00   1.00   1
   90  179  181  182  180    .00   1.00   1.00   1
   91  181  183  184  182    .00   1.00   1.00   1
   92  183  185  186  184    .00   1.00   1.00   1
   93  185  187  188  186    .00   1.00   1.00   1
   94  187  189  190  188    .00   1.00   1.00   1
   95  189  191  192  190    .00   1.00   1.00   1
   96  191  193  194  192    .00   1.00   1.00   1
   97  193  195  196  194    .00   1.00   1.00   1
   98  195  197  198  196    .00   1.00   1.00   1
   99  197  199  200  198    .00   1.00   1.00   1
  100  199  201  202  200    .00   1.00   1.00   1
  101  201  203  204  202    .00   1.00   1.00   1
  102  203  205  206  204    .00   1.00   1.00   1
  103  205  207  208  206    .00   1.00   1.00   1
  104  207  209  210  208    .00   1.00   1.00   1
  105  209  211  212  210    .00   1.00   1.00   1
  106  211  213  214  212    .00   1.00   1.00   1
  107  213  215  216  214    .00   1.00   1.00   1
  108  215  217  218  216    .00   1.00   1.00   1
  109  217  219  220  218    .00   1.00   1.00   1
  110  219  221  222  220    .00   1.00   1.00   1
  111  221  223  224  222    .00   1.00   1.00   1
  112  223  225  226  224    .00   1.00   1.00   1
  113  225  227  228  226    .00   1.00   1.00   1
  114  227  229  230  228    .00   1.00   1.00   1
  115  229  231  232  230    .00   1.00   1.00   1
  116  231  233  234  232    .00   1.00   1.00   1
  117  233  235  236  234    .00   1.00   1.00   1
  118  235  237  238  236    .00   1.00   1.00   1
  119  237  239  240  238    .00   1.00   1.00   1
  120  239  241  242  240    .00   1.00   1.00   1
  121  241  243  244  242    .00   1.00   1.00   1
  122  243  245  246  244    .00   1.00   1.00   1
  123  245  247  248  246    .00   1.00   1.00   1
  124  247  249  250  248    .00   1.00   1.00   1
  125  249  251  252  250    .00   1.00   1.00   1
  126  251  253  254  252    .00   1.00   1.00   1
  127  253  255  256  254    .00   1.00   1.00   1
  128  255  257  258  256    .00   1.00   1.00   1
  129  257  259  260  258    .00   1.00   1.00   1
  130  259  261  262  260    .00   1.00   1.00   1
  131  261  263  264  262    .00   1.00   1.00   1
  132  263  265  266  264    .00   1.00   1.00   1
  133  265  267  268  266    .00   1.00   1.00   1
  134  267  269  270  268    .00   1.00   1.00   1
  135  269  271  272  270    .00   1.00   1.00   1
  136  271  273  274  272    .00   1.00   1.00   1
  137  273  275  276  274    .00   1.00   1.00   1
  138  275  277  278  276    .00   1.00   1.00   1
  139  277  279  280  278    .00   1.00   1.00   1
  140  279  281  282  280    .00   1.00   1.00   1
  141  281  283  284  282    .00   1.00   1.00   1
  142  283  285  286  284    .00   1.00   1.00   1
  143  285  287  288  286    .00   1.00   1.00   1
  144  287  289  290  288    .00   1.00   1.00   1
  145  289  291  292  290    .00   1.00   1.00   1
  146  291  293  294  292    .00   1.00   1.00   1
  147  293  295  296  294    .00   1.00   1.00   1
  148  295  297  298  296    .00   1.00   1.00   1
  149  297  299  300  298    .00   1.00   1.00   1
  150  299  301  302  300    .00   1.00   1.00   1
  151  301  303  304  302    .00   1.00   1.00   1
  152  303  305  306  304    .00   1.00   1.00   1
  153  305  307  308  306    .00   1.00   1.00   1
  154  307  309  310  308    .00   1.00   1.00   1
  155  309  311  312  310    .00   1.00   1.00   1
  156  311  313  314  312    .00   1.00   1.00   1
  157  313  315  316  314    .00   1.00   1.00   1
  158  315  317  318  316    .00   1.00   1.00   1
  159  317  319  320  318    .00   1.00   1.00   1
  160  319  321  322  320    .00   1.00   1.00   1
  161  321  323  324  322    .00   1.00   1.00   1
  162  323  325  326  324    .00   1.00   1.00   1
  163  325  327  328  326    .00   1.00   1.00   1
  164  327  329  330  328    .00   1.00   1.00   1
  165  329  331  332  330    .00   1.00   1.00   1
  166  331  333  334  332    .00   1.00   1.00   1
  167  333  335  336  334    .00   1.00   1.00   1
  168  335  337  338  336    .00   1.00   1.00   1
  169  337  339  340  338    .00   1.00   1.00   1
  170  339  341  342  340    .00   1.00   1.00   1
  171  341  343  344  342    .00   1.00   1.00   1
  172  343  345  346  344    .00   1.00   1.00   1
  173  345  347  348  346    .00   1.00   1.00   1
  174  347  349  350  348    .00   1.00   1.00   1
  175  349  351  352  350    .00   1.00   1.00   1
  176  351  353  354  352    .00   1.00   1.00   1
  177  353  355  356  354    .00   1.00   1.00   1
  178  355  357  358  356    .00   1.00   1.00   1
  179  357  359  360  358    .00   1.00   1.00   1
  180  359  361  362  360    .00   1.00   1.00   1
  181  361  363  364  362    .00   1.00   1.00   1
  182  363  365  366  364    .00   1.00   1.00   1
  183  365  367  368  366    .00   1.00   1.00   1
  184  367  369  370  368    .00   1.00   1.00   1
  185  369  371  372  370    .00   1.00   1.00   1
  186  371  373  374  372    .00   1.00   1.00   1
  187  373  375  376  374    .00   1.00   1.00   1
  188  375  377  378  376    .00   1.00   1.00   1
  189  377  379  380  378    .00   1.00   1.00   1
  190  379  381  382  380    .00   1.00   1.00   1
  191  381  383  384  382    .00   1.00   1.00   1
  192  383  385  386  384    .00   1.00   1.00   1
  193  385  387  388  386    .00   1.00   1.00   1
  194  387  389  390  388    .00   1.00   1.00   1
  195  389  391  392  390    .00   1.00   1.00   1
  196  391  393  394  392    .00   1.00   1.00   1
  197  393  395  396  394    .00   1.00   1.00   1
  198  395  397  398  396    .00   1.00   1.00   1
  199  397  399  400  398    .00   1.00   1.00   1
  200  399  401  402  400    .00   1.00   1.00   1
*** BLOCK K: BOUNDARY GEOMETRY INFORMATION ************************************
 Node number array:
         1         2       401       402
 Width array:
       .50       .50       .50       .50
 Length:
       .00
 Observation Nodes (1,..,Nobs):

*** END OF INPUT FILE GRID.IN *************************************************

