*** INPUT FILE 'GENER2.IN' *********************************************
AxisymetricFlow                            (Type of flow being analyzed)
  t
Angle  Aniz1  Aniz2                            (Anisotrophy Information)
  0.     1.     1.
NS     lEquil      (number of solutes and equilibrium or nonequilibrium)
3        t
NCol   NLin       (number of nodes in horizontal and vertical direction)
 20     19
x(1)   z(NLin)                     (x, z-coordinate of left bottom node)
  0     100
*** SPACE INCREMENTS ***************************************************
dx-array                                     (number of items is NCol-1)
  5 5 4 3 2 2 2 3 4 5 6 7 8 9 10 11 12 13 14
dz-array                                     (number of items is NLin-1)
  3*2 4 4*5 10*10
*** LINE ATTRIBUTES ****************************************************
LineN Code  hInit   Q  MatNum Beta Axz  Bxz  Dxz  Temp Conc1 Conc2 Conc3
  1   -6   -147.4   0.   1     0.   1.   1.   1.   20.  0.0   0.0   0.0
  2    0   -145.5   0.   1     0.   1.   1.   1.   20.  0.0   0.0   0.0
  3    0   -143.4   0.   1     0.   1.   1.   1.   20.  0.0   0.0   0.0
  4    0   -141.0   0.   1     0.   1.   1.   1.   20.  0.0   0.0   0.0
  5    0   -135.6   0.   1     0.   1.   1.   1.   20.  0.0   0.0   0.0
  6    0   -127.7   0.   1     0.   1.   1.   1.   20.  0.0   0.0   0.0
  7    0   -119.0   0.   1     0.   1.   1.   1.   20.  0.0   0.0   0.0
  8    0   -109.9   0.   1     0.   1.   1.   1.   20.  0.0   0.0   0.0
  9    0   -100.5   0.   1     0.   1.   1.   1.   20.  0.0   0.0   0.0
 10    0    -82.8   0.   2     0.   1.   1.   1.   20.  0.0   0.0   0.0
 11    0    -71.0   0.   2     0.   1.   1.   1.   20.  0.0   0.0   0.0
 12    0    -60.3   0.   2     0.   1.   1.   1.   20.  0.0   0.0   0.0
 13    0    -49.8   0.   2     0.   1.   1.   1.   20.  0.0   0.0   0.0
 14    0    -39.6   0.   2     0.   1.   1.   1.   20.  0.0   0.0   0.0
 15    0    -29.5   0.   2     0.   1.   1.   1.   20.  0.0   0.0   0.0
 16    0    -19.4   0.   2     0.   1.   1.   1.   20.  0.0   0.0   0.0
 17    0     -9.4   0.   2     0.   1.   1.   1.   20.  0.0   0.0   0.0
 18    0      0.6   0.   2     0.   1.   1.   1.   20.  0.0   0.0   0.0
 19    0     10.2   0.   2     0.   1.   1.   1.   20.  0.0   0.0   0.0
*** END OF FILE 'GENER2.IN' ********************************************
  
