*** BLOCK I: NODAL INFORMATION ************************************************
      NumNP     NumEl       IJ       NumBP      NS       NObs
       380       342        19        22         3         0
   n  Code    x      z         h        Q     M   B    Axz   Bxz   Dxz     Temp     Conc1     Conc2     Conc3
   1   1     .00  230.00      0.00   .00E+00  1   .00  1.00  1.00  1.00   20.00  .000E+00  .000E+00  .000E+00
   2   0     .00  228.00   -145.50   .00E+00  1   .00  1.00  1.00  1.00   20.00  .000E+00  .000E+00  .000E+00
   3   0     .00  226.00   -143.40   .00E+00  1   .00  1.00  1.00  1.00   20.00  .000E+00  .000E+00  .000E+00
   4   0     .00  224.00   -141.00   .00E+00  1   .00  1.00  1.00  1.00   20.00  .000E+00  .000E+00  .000E+00
   5   0     .00  220.00   -135.60   .00E+00  1   .00  1.00  1.00  1.00   20.00  .000E+00  .000E+00  .000E+00
   6   0     .00  215.00   -127.70   .00E+00  1   .00  1.00  1.00  1.00   20.00  .000E+00  .000E+00  .000E+00
   7   0     .00  210.00   -119.00   .00E+00  1   .00  1.00  1.00  1.00   20.00  .000E+00  .000E+00  .000E+00
   8   0     .00  205.00   -109.90   .00E+00  1   .00  1.00  1.00  1.00   20.00  .000E+00  .000E+00  .000E+00
   9   0     .00  200.00   -100.50   .00E+00  1   .00  1.00  1.00  1.00   20.00  .000E+00  .000E+00  .000E+00
  10   0     .00  190.00    -82.80   .00E+00  2   .00  1.00  1.00  1.00   20.00  .000E+00  .000E+00  .000E+00
  11   0     .00  180.00    -71.00   .00E+00  2   .00  1.00  1.00  1.00   20.00  .000E+00  .000E+00  .000E+00
  12   0     .00  170.00    -60.30   .00E+00  2   .00  1.00  1.00  1.00   20.00  .000E+00  .000E+00  .000E+00
  13   0     .00  160.00    -49.80   .00E+00  2   .00  1.00  1.00  1.00   20.00  .000E+00  .000E+00  .000E+00
  14   0     .00  150.00    -39.60   .00E+00  2   .00  1.00  1.00  1.00   20.00  .000E+00  .000E+00  .000E+00
  15   0     .00  140.00    -29.50   .00E+00  2   .00  1.00  1.00  1.00   20.00  .000E+00  .000E+00  .000E+00
  16   0     .00  130.00    -19.40   .00E+00  2   .00  1.00  1.00  1.00   20.00  .000E+00  .000E+00  .000E+00
  17   0     .00  120.00     -9.40   .00E+00  2   .00  1.00  1.00  1.00   20.00  .000E+00  .000E+00  .000E+00
  18   0     .00  110.00       .60   .00E+00  2   .00  1.00  1.00  1.00   20.00  .000E+00  .000E+00  .000E+00
  19   0     .00  100.00     10.20   .00E+00  2   .00  1.00  1.00  1.00   20.00  .000E+00  .000E+00  .000E+00
  20   1    5.00  230.00      0.00   .00E+00  1   .00  1.00  1.00  1.00   20.00  .000E+00  .000E+00  .000E+00
  21   0    5.00  228.00   -145.50   .00E+00  1   .00  1.00  1.00  1.00   20.00  .000E+00  .000E+00  .000E+00
  22   0    5.00  226.00   -143.40   .00E+00  1   .00  1.00  1.00  1.00   20.00  .000E+00  .000E+00  .000E+00
  23   0    5.00  224.00   -141.00   .00E+00  1   .00  1.00  1.00  1.00   20.00  .000E+00  .000E+00  .000E+00
  24   0    5.00  220.00   -135.60   .00E+00  1   .00  1.00  1.00  1.00   20.00  .000E+00  .000E+00  .000E+00
  25   0    5.00  215.00   -127.70   .00E+00  1   .00  1.00  1.00  1.00   20.00  .000E+00  .000E+00  .000E+00
  26   0    5.00  210.00   -119.00   .00E+00  1   .00  1.00  1.00  1.00   20.00  .000E+00  .000E+00  .000E+00
  27   0    5.00  205.00   -109.90   .00E+00  1   .00  1.00  1.00  1.00   20.00  .000E+00  .000E+00  .000E+00
  28   0    5.00  200.00   -100.50   .00E+00  1   .00  1.00  1.00  1.00   20.00  .000E+00  .000E+00  .000E+00
  29   0    5.00  190.00    -82.80   .00E+00  2   .00  1.00  1.00  1.00   20.00  .000E+00  .000E+00  .000E+00
  30   0    5.00  180.00    -71.00   .00E+00  2   .00  1.00  1.00  1.00   20.00  .000E+00  .000E+00  .000E+00
  31   0    5.00  170.00    -60.30   .00E+00  2   .00  1.00  1.00  1.00   20.00  .000E+00  .000E+00  .000E+00
  32   0    5.00  160.00    -49.80   .00E+00  2   .00  1.00  1.00  1.00   20.00  .000E+00  .000E+00  .000E+00
  33   0    5.00  150.00    -39.60   .00E+00  2   .00  1.00  1.00  1.00   20.00  .000E+00  .000E+00  .000E+00
  34   0    5.00  140.00    -29.50   .00E+00  2   .00  1.00  1.00  1.00   20.00  .000E+00  .000E+00  .000E+00
  35   0    5.00  130.00    -19.40   .00E+00  2   .00  1.00  1.00  1.00   20.00  .000E+00  .000E+00  .000E+00
  36   0    5.00  120.00     -9.40   .00E+00  2   .00  1.00  1.00  1.00   20.00  .000E+00  .000E+00  .000E+00
  37   0    5.00  110.00       .60   .00E+00  2   .00  1.00  1.00  1.00   20.00  .000E+00  .000E+00  .000E+00
  38   0    5.00  100.00     10.20   .00E+00  2   .00  1.00  1.00  1.00   20.00  .000E+00  .000E+00  .000E+00
  39   1   10.00  230.00      0.00   .00E+00  1   .00  1.00  1.00  1.00   20.00  .000E+00  .000E+00  .000E+00
  40   0   10.00  228.00   -145.50   .00E+00  1   .00  1.00  1.00  1.00   20.00  .000E+00  .000E+00  .000E+00
  41   0   10.00  226.00   -143.40   .00E+00  1   .00  1.00  1.00  1.00   20.00  .000E+00  .000E+00  .000E+00
  42   0   10.00  224.00   -141.00   .00E+00  1   .00  1.00  1.00  1.00   20.00  .000E+00  .000E+00  .000E+00
  43   0   10.00  220.00   -135.60   .00E+00  1   .00  1.00  1.00  1.00   20.00  .000E+00  .000E+00  .000E+00
  44   0   10.00  215.00   -127.70   .00E+00  1   .00  1.00  1.00  1.00   20.00  .000E+00  .000E+00  .000E+00
  45   0   10.00  210.00   -119.00   .00E+00  1   .00  1.00  1.00  1.00   20.00  .000E+00  .000E+00  .000E+00
  46   0   10.00  205.00   -109.90   .00E+00  1   .00  1.00  1.00  1.00   20.00  .000E+00  .000E+00  .000E+00
  47   0   10.00  200.00   -100.50   .00E+00  1   .00  1.00  1.00  1.00   20.00  .000E+00  .000E+00  .000E+00
  48   0   10.00  190.00    -82.80   .00E+00  2   .00  1.00  1.00  1.00   20.00  .000E+00  .000E+00  .000E+00
  49   0   10.00  180.00    -71.00   .00E+00  2   .00  1.00  1.00  1.00   20.00  .000E+00  .000E+00  .000E+00
  50   0   10.00  170.00    -60.30   .00E+00  2   .00  1.00  1.00  1.00   20.00  .000E+00  .000E+00  .000E+00
  51   0   10.00  160.00    -49.80   .00E+00  2   .00  1.00  1.00  1.00   20.00  .000E+00  .000E+00  .000E+00
  52   0   10.00  150.00    -39.60   .00E+00  2   .00  1.00  1.00  1.00   20.00  .000E+00  .000E+00  .000E+00
  53   0   10.00  140.00    -29.50   .00E+00  2   .00  1.00  1.00  1.00   20.00  .000E+00  .000E+00  .000E+00
  54   0   10.00  130.00    -19.40   .00E+00  2   .00  1.00  1.00  1.00   20.00  .000E+00  .000E+00  .000E+00
  55   0   10.00  120.00     -9.40   .00E+00  2   .00  1.00  1.00  1.00   20.00  .000E+00  .000E+00  .000E+00
  56   0   10.00  110.00       .60   .00E+00  2   .00  1.00  1.00  1.00   20.00  .000E+00  .000E+00  .000E+00
  57   0   10.00  100.00     10.20   .00E+00  2   .00  1.00  1.00  1.00   20.00  .000E+00  .000E+00  .000E+00
  58   1   14.00  230.00      0.00   .00E+00  1   .00  1.00  1.00  1.00   20.00  .000E+00  .000E+00  .000E+00
  59   0   14.00  228.00   -145.50   .00E+00  1   .00  1.00  1.00  1.00   20.00  .000E+00  .000E+00  .000E+00
  60   0   14.00  226.00   -143.40   .00E+00  1   .00  1.00  1.00  1.00   20.00  .000E+00  .000E+00  .000E+00
  61   0   14.00  224.00   -141.00   .00E+00  1   .00  1.00  1.00  1.00   20.00  .000E+00  .000E+00  .000E+00
  62   0   14.00  220.00   -135.60   .00E+00  1   .00  1.00  1.00  1.00   20.00  .000E+00  .000E+00  .000E+00
  63   0   14.00  215.00   -127.70   .00E+00  1   .00  1.00  1.00  1.00   20.00  .000E+00  .000E+00  .000E+00
  64   0   14.00  210.00   -119.00   .00E+00  1   .00  1.00  1.00  1.00   20.00  .000E+00  .000E+00  .000E+00
  65   0   14.00  205.00   -109.90   .00E+00  1   .00  1.00  1.00  1.00   20.00  .000E+00  .000E+00  .000E+00
  66   0   14.00  200.00   -100.50   .00E+00  1   .00  1.00  1.00  1.00   20.00  .000E+00  .000E+00  .000E+00
  67   0   14.00  190.00    -82.80   .00E+00  2   .00  1.00  1.00  1.00   20.00  .000E+00  .000E+00  .000E+00
  68   0   14.00  180.00    -71.00   .00E+00  2   .00  1.00  1.00  1.00   20.00  .000E+00  .000E+00  .000E+00
  69   0   14.00  170.00    -60.30   .00E+00  2   .00  1.00  1.00  1.00   20.00  .000E+00  .000E+00  .000E+00
  70   0   14.00  160.00    -49.80   .00E+00  2   .00  1.00  1.00  1.00   20.00  .000E+00  .000E+00  .000E+00
  71   0   14.00  150.00    -39.60   .00E+00  2   .00  1.00  1.00  1.00   20.00  .000E+00  .000E+00  .000E+00
  72   0   14.00  140.00    -29.50   .00E+00  2   .00  1.00  1.00  1.00   20.00  .000E+00  .000E+00  .000E+00
  73   0   14.00  130.00    -19.40   .00E+00  2   .00  1.00  1.00  1.00   20.00  .000E+00  .000E+00  .000E+00
  74   0   14.00  120.00     -9.40   .00E+00  2   .00  1.00  1.00  1.00   20.00  .000E+00  .000E+00  .000E+00
  75   0   14.00  110.00       .60   .00E+00  2   .00  1.00  1.00  1.00   20.00  .000E+00  .000E+00  .000E+00
  76   0   14.00  100.00     10.20   .00E+00  2   .00  1.00  1.00  1.00   20.00  .000E+00  .000E+00  .000E+00
  77   1   17.00  230.00      0.00   .00E+00  1   .00  1.00  1.00  1.00   20.00  .000E+00  .000E+00  .000E+00
  78   0   17.00  228.00   -145.50   .00E+00  1   .00  1.00  1.00  1.00   20.00  .000E+00  .000E+00  .000E+00
  79   0   17.00  226.00   -143.40   .00E+00  1   .00  1.00  1.00  1.00   20.00  .000E+00  .000E+00  .000E+00
  80   0   17.00  224.00   -141.00   .00E+00  1   .00  1.00  1.00  1.00   20.00  .000E+00  .000E+00  .000E+00
  81   0   17.00  220.00   -135.60   .00E+00  1   .00  1.00  1.00  1.00   20.00  .000E+00  .000E+00  .000E+00
  82   0   17.00  215.00   -127.70   .00E+00  1   .00  1.00  1.00  1.00   20.00  .000E+00  .000E+00  .000E+00
  83   0   17.00  210.00   -119.00   .00E+00  1   .00  1.00  1.00  1.00   20.00  .000E+00  .000E+00  .000E+00
  84   0   17.00  205.00   -109.90   .00E+00  1   .00  1.00  1.00  1.00   20.00  .000E+00  .000E+00  .000E+00
  85   0   17.00  200.00   -100.50   .00E+00  1   .00  1.00  1.00  1.00   20.00  .000E+00  .000E+00  .000E+00
  86   0   17.00  190.00    -82.80   .00E+00  2   .00  1.00  1.00  1.00   20.00  .000E+00  .000E+00  .000E+00
  87   0   17.00  180.00    -71.00   .00E+00  2   .00  1.00  1.00  1.00   20.00  .000E+00  .000E+00  .000E+00
  88   0   17.00  170.00    -60.30   .00E+00  2   .00  1.00  1.00  1.00   20.00  .000E+00  .000E+00  .000E+00
  89   0   17.00  160.00    -49.80   .00E+00  2   .00  1.00  1.00  1.00   20.00  .000E+00  .000E+00  .000E+00
  90   0   17.00  150.00    -39.60   .00E+00  2   .00  1.00  1.00  1.00   20.00  .000E+00  .000E+00  .000E+00
  91   0   17.00  140.00    -29.50   .00E+00  2   .00  1.00  1.00  1.00   20.00  .000E+00  .000E+00  .000E+00
  92   0   17.00  130.00    -19.40   .00E+00  2   .00  1.00  1.00  1.00   20.00  .000E+00  .000E+00  .000E+00
  93   0   17.00  120.00     -9.40   .00E+00  2   .00  1.00  1.00  1.00   20.00  .000E+00  .000E+00  .000E+00
  94   0   17.00  110.00       .60   .00E+00  2   .00  1.00  1.00  1.00   20.00  .000E+00  .000E+00  .000E+00
  95   0   17.00  100.00     10.20   .00E+00  2   .00  1.00  1.00  1.00   20.00  .000E+00  .000E+00  .000E+00
  96  -6   19.00  230.00   -147.40   .00E+00  1   .00  1.00  1.00  1.00   20.00  .000E+00  .000E+00  .000E+00
  97   0   19.00  228.00   -145.50   .00E+00  1   .00  1.00  1.00  1.00   20.00  .000E+00  .000E+00  .000E+00
  98   0   19.00  226.00   -143.40   .00E+00  1   .00  1.00  1.00  1.00   20.00  .000E+00  .000E+00  .000E+00
  99   0   19.00  224.00   -141.00   .00E+00  1   .00  1.00  1.00  1.00   20.00  .000E+00  .000E+00  .000E+00
 100   0   19.00  220.00   -135.60   .00E+00  1   .00  1.00  1.00  1.00   20.00  .000E+00  .000E+00  .000E+00
 101   0   19.00  215.00   -127.70   .00E+00  1   .00  1.00  1.00  1.00   20.00  .000E+00  .000E+00  .000E+00
 102   0   19.00  210.00   -119.00   .00E+00  1   .00  1.00  1.00  1.00   20.00  .000E+00  .000E+00  .000E+00
 103   0   19.00  205.00   -109.90   .00E+00  1   .00  1.00  1.00  1.00   20.00  .000E+00  .000E+00  .000E+00
 104   0   19.00  200.00   -100.50   .00E+00  1   .00  1.00  1.00  1.00   20.00  .000E+00  .000E+00  .000E+00
 105   0   19.00  190.00    -82.80   .00E+00  2   .00  1.00  1.00  1.00   20.00  .000E+00  .000E+00  .000E+00
 106   0   19.00  180.00    -71.00   .00E+00  2   .00  1.00  1.00  1.00   20.00  .000E+00  .000E+00  .000E+00
 107   0   19.00  170.00    -60.30   .00E+00  2   .00  1.00  1.00  1.00   20.00  .000E+00  .000E+00  .000E+00
 108   0   19.00  160.00    -49.80   .00E+00  2   .00  1.00  1.00  1.00   20.00  .000E+00  .000E+00  .000E+00
 109   0   19.00  150.00    -39.60   .00E+00  2   .00  1.00  1.00  1.00   20.00  .000E+00  .000E+00  .000E+00
 110   0   19.00  140.00    -29.50   .00E+00  2   .00  1.00  1.00  1.00   20.00  .000E+00  .000E+00  .000E+00
 111   0   19.00  130.00    -19.40   .00E+00  2   .00  1.00  1.00  1.00   20.00  .000E+00  .000E+00  .000E+00
 112   0   19.00  120.00     -9.40   .00E+00  2   .00  1.00  1.00  1.00   20.00  .000E+00  .000E+00  .000E+00
 113   0   19.00  110.00       .60   .00E+00  2   .00  1.00  1.00  1.00   20.00  .000E+00  .000E+00  .000E+00
 114   0   19.00  100.00     10.20   .00E+00  2   .00  1.00  1.00  1.00   20.00  .000E+00  .000E+00  .000E+00
 115  -6   21.00  230.00   -147.40   .00E+00  1   .00  1.00  1.00  1.00   20.00  .000E+00  .000E+00  .000E+00
 116   0   21.00  228.00   -145.50   .00E+00  1   .00  1.00  1.00  1.00   20.00  .000E+00  .000E+00  .000E+00
 117   0   21.00  226.00   -143.40   .00E+00  1   .00  1.00  1.00  1.00   20.00  .000E+00  .000E+00  .000E+00
 118   0   21.00  224.00   -141.00   .00E+00  1   .00  1.00  1.00  1.00   20.00  .000E+00  .000E+00  .000E+00
 119   0   21.00  220.00   -135.60   .00E+00  1   .00  1.00  1.00  1.00   20.00  .000E+00  .000E+00  .000E+00
 120   0   21.00  215.00   -127.70   .00E+00  1   .00  1.00  1.00  1.00   20.00  .000E+00  .000E+00  .000E+00
 121   0   21.00  210.00   -119.00   .00E+00  1   .00  1.00  1.00  1.00   20.00  .000E+00  .000E+00  .000E+00
 122   0   21.00  205.00   -109.90   .00E+00  1   .00  1.00  1.00  1.00   20.00  .000E+00  .000E+00  .000E+00
 123   0   21.00  200.00   -100.50   .00E+00  1   .00  1.00  1.00  1.00   20.00  .000E+00  .000E+00  .000E+00
 124   0   21.00  190.00    -82.80   .00E+00  2   .00  1.00  1.00  1.00   20.00  .000E+00  .000E+00  .000E+00
 125   0   21.00  180.00    -71.00   .00E+00  2   .00  1.00  1.00  1.00   20.00  .000E+00  .000E+00  .000E+00
 126   0   21.00  170.00    -60.30   .00E+00  2   .00  1.00  1.00  1.00   20.00  .000E+00  .000E+00  .000E+00
 127   0   21.00  160.00    -49.80   .00E+00  2   .00  1.00  1.00  1.00   20.00  .000E+00  .000E+00  .000E+00
 128   0   21.00  150.00    -39.60   .00E+00  2   .00  1.00  1.00  1.00   20.00  .000E+00  .000E+00  .000E+00
 129   0   21.00  140.00    -29.50   .00E+00  2   .00  1.00  1.00  1.00   20.00  .000E+00  .000E+00  .000E+00
 130   0   21.00  130.00    -19.40   .00E+00  2   .00  1.00  1.00  1.00   20.00  .000E+00  .000E+00  .000E+00
 131   0   21.00  120.00     -9.40   .00E+00  2   .00  1.00  1.00  1.00   20.00  .000E+00  .000E+00  .000E+00
 132   0   21.00  110.00       .60   .00E+00  2   .00  1.00  1.00  1.00   20.00  .000E+00  .000E+00  .000E+00
 133   0   21.00  100.00     10.20   .00E+00  2   .00  1.00  1.00  1.00   20.00  .000E+00  .000E+00  .000E+00
 134  -6   23.00  230.00   -147.40   .00E+00  1   .00  1.00  1.00  1.00   20.00  .000E+00  .000E+00  .000E+00
 135   0   23.00  228.00   -145.50   .00E+00  1   .00  1.00  1.00  1.00   20.00  .000E+00  .000E+00  .000E+00
 136   0   23.00  226.00   -143.40   .00E+00  1   .00  1.00  1.00  1.00   20.00  .000E+00  .000E+00  .000E+00
 137   0   23.00  224.00   -141.00   .00E+00  1   .00  1.00  1.00  1.00   20.00  .000E+00  .000E+00  .000E+00
 138   0   23.00  220.00   -135.60   .00E+00  1   .00  1.00  1.00  1.00   20.00  .000E+00  .000E+00  .000E+00
 139   0   23.00  215.00   -127.70   .00E+00  1   .00  1.00  1.00  1.00   20.00  .000E+00  .000E+00  .000E+00
 140   0   23.00  210.00   -119.00   .00E+00  1   .00  1.00  1.00  1.00   20.00  .000E+00  .000E+00  .000E+00
 141   0   23.00  205.00   -109.90   .00E+00  1   .00  1.00  1.00  1.00   20.00  .000E+00  .000E+00  .000E+00
 142   0   23.00  200.00   -100.50   .00E+00  1   .00  1.00  1.00  1.00   20.00  .000E+00  .000E+00  .000E+00
 143   0   23.00  190.00    -82.80   .00E+00  2   .00  1.00  1.00  1.00   20.00  .000E+00  .000E+00  .000E+00
 144   0   23.00  180.00    -71.00   .00E+00  2   .00  1.00  1.00  1.00   20.00  .000E+00  .000E+00  .000E+00
 145   0   23.00  170.00    -60.30   .00E+00  2   .00  1.00  1.00  1.00   20.00  .000E+00  .000E+00  .000E+00
 146   0   23.00  160.00    -49.80   .00E+00  2   .00  1.00  1.00  1.00   20.00  .000E+00  .000E+00  .000E+00
 147   0   23.00  150.00    -39.60   .00E+00  2   .00  1.00  1.00  1.00   20.00  .000E+00  .000E+00  .000E+00
 148   0   23.00  140.00    -29.50   .00E+00  2   .00  1.00  1.00  1.00   20.00  .000E+00  .000E+00  .000E+00
 149   0   23.00  130.00    -19.40   .00E+00  2   .00  1.00  1.00  1.00   20.00  .000E+00  .000E+00  .000E+00
 150   0   23.00  120.00     -9.40   .00E+00  2   .00  1.00  1.00  1.00   20.00  .000E+00  .000E+00  .000E+00
 151   0   23.00  110.00       .60   .00E+00  2   .00  1.00  1.00  1.00   20.00  .000E+00  .000E+00  .000E+00
 152   0   23.00  100.00     10.20   .00E+00  2   .00  1.00  1.00  1.00   20.00  .000E+00  .000E+00  .000E+00
 153  -6   26.00  230.00   -147.40   .00E+00  1   .00  1.00  1.00  1.00   20.00  .000E+00  .000E+00  .000E+00
 154   0   26.00  228.00   -145.50   .00E+00  1   .00  1.00  1.00  1.00   20.00  .000E+00  .000E+00  .000E+00
 155   0   26.00  226.00   -143.40   .00E+00  1   .00  1.00  1.00  1.00   20.00  .000E+00  .000E+00  .000E+00
 156   0   26.00  224.00   -141.00   .00E+00  1   .00  1.00  1.00  1.00   20.00  .000E+00  .000E+00  .000E+00
 157   0   26.00  220.00   -135.60   .00E+00  1   .00  1.00  1.00  1.00   20.00  .000E+00  .000E+00  .000E+00
 158   0   26.00  215.00   -127.70   .00E+00  1   .00  1.00  1.00  1.00   20.00  .000E+00  .000E+00  .000E+00
 159   0   26.00  210.00   -119.00   .00E+00  1   .00  1.00  1.00  1.00   20.00  .000E+00  .000E+00  .000E+00
 160   0   26.00  205.00   -109.90   .00E+00  1   .00  1.00  1.00  1.00   20.00  .000E+00  .000E+00  .000E+00
 161   0   26.00  200.00   -100.50   .00E+00  1   .00  1.00  1.00  1.00   20.00  .000E+00  .000E+00  .000E+00
 162   0   26.00  190.00    -82.80   .00E+00  2   .00  1.00  1.00  1.00   20.00  .000E+00  .000E+00  .000E+00
 163   0   26.00  180.00    -71.00   .00E+00  2   .00  1.00  1.00  1.00   20.00  .000E+00  .000E+00  .000E+00
 164   0   26.00  170.00    -60.30   .00E+00  2   .00  1.00  1.00  1.00   20.00  .000E+00  .000E+00  .000E+00
 165   0   26.00  160.00    -49.80   .00E+00  2   .00  1.00  1.00  1.00   20.00  .000E+00  .000E+00  .000E+00
 166   0   26.00  150.00    -39.60   .00E+00  2   .00  1.00  1.00  1.00   20.00  .000E+00  .000E+00  .000E+00
 167   0   26.00  140.00    -29.50   .00E+00  2   .00  1.00  1.00  1.00   20.00  .000E+00  .000E+00  .000E+00
 168   0   26.00  130.00    -19.40   .00E+00  2   .00  1.00  1.00  1.00   20.00  .000E+00  .000E+00  .000E+00
 169   0   26.00  120.00     -9.40   .00E+00  2   .00  1.00  1.00  1.00   20.00  .000E+00  .000E+00  .000E+00
 170   0   26.00  110.00       .60   .00E+00  2   .00  1.00  1.00  1.00   20.00  .000E+00  .000E+00  .000E+00
 171   0   26.00  100.00     10.20   .00E+00  2   .00  1.00  1.00  1.00   20.00  .000E+00  .000E+00  .000E+00
 172  -6   30.00  230.00   -147.40   .00E+00  1   .00  1.00  1.00  1.00   20.00  .000E+00  .000E+00  .000E+00
 173   0   30.00  228.00   -145.50   .00E+00  1   .00  1.00  1.00  1.00   20.00  .000E+00  .000E+00  .000E+00
 174   0   30.00  226.00   -143.40   .00E+00  1   .00  1.00  1.00  1.00   20.00  .000E+00  .000E+00  .000E+00
 175   0   30.00  224.00   -141.00   .00E+00  1   .00  1.00  1.00  1.00   20.00  .000E+00  .000E+00  .000E+00
 176   0   30.00  220.00   -135.60   .00E+00  1   .00  1.00  1.00  1.00   20.00  .000E+00  .000E+00  .000E+00
 177   0   30.00  215.00   -127.70   .00E+00  1   .00  1.00  1.00  1.00   20.00  .000E+00  .000E+00  .000E+00
 178   0   30.00  210.00   -119.00   .00E+00  1   .00  1.00  1.00  1.00   20.00  .000E+00  .000E+00  .000E+00
 179   0   30.00  205.00   -109.90   .00E+00  1   .00  1.00  1.00  1.00   20.00  .000E+00  .000E+00  .000E+00
 180   0   30.00  200.00   -100.50   .00E+00  1   .00  1.00  1.00  1.00   20.00  .000E+00  .000E+00  .000E+00
 181   0   30.00  190.00    -82.80   .00E+00  2   .00  1.00  1.00  1.00   20.00  .000E+00  .000E+00  .000E+00
 182   0   30.00  180.00    -71.00   .00E+00  2   .00  1.00  1.00  1.00   20.00  .000E+00  .000E+00  .000E+00
 183   0   30.00  170.00    -60.30   .00E+00  2   .00  1.00  1.00  1.00   20.00  .000E+00  .000E+00  .000E+00
 184   0   30.00  160.00    -49.80   .00E+00  2   .00  1.00  1.00  1.00   20.00  .000E+00  .000E+00  .000E+00
 185   0   30.00  150.00    -39.60   .00E+00  2   .00  1.00  1.00  1.00   20.00  .000E+00  .000E+00  .000E+00
 186   0   30.00  140.00    -29.50   .00E+00  2   .00  1.00  1.00  1.00   20.00  .000E+00  .000E+00  .000E+00
 187   0   30.00  130.00    -19.40   .00E+00  2   .00  1.00  1.00  1.00   20.00  .000E+00  .000E+00  .000E+00
 188   0   30.00  120.00     -9.40   .00E+00  2   .00  1.00  1.00  1.00   20.00  .000E+00  .000E+00  .000E+00
 189   0   30.00  110.00       .60   .00E+00  2   .00  1.00  1.00  1.00   20.00  .000E+00  .000E+00  .000E+00
 190   0   30.00  100.00     10.20   .00E+00  2   .00  1.00  1.00  1.00   20.00  .000E+00  .000E+00  .000E+00
 191  -6   35.00  230.00   -147.40   .00E+00  1   .00  1.00  1.00  1.00   20.00  .000E+00  .000E+00  .000E+00
 192   0   35.00  228.00   -145.50   .00E+00  1   .00  1.00  1.00  1.00   20.00  .000E+00  .000E+00  .000E+00
 193   0   35.00  226.00   -143.40   .00E+00  1   .00  1.00  1.00  1.00   20.00  .000E+00  .000E+00  .000E+00
 194   0   35.00  224.00   -141.00   .00E+00  1   .00  1.00  1.00  1.00   20.00  .000E+00  .000E+00  .000E+00
 195   0   35.00  220.00   -135.60   .00E+00  1   .00  1.00  1.00  1.00   20.00  .000E+00  .000E+00  .000E+00
 196   0   35.00  215.00   -127.70   .00E+00  1   .00  1.00  1.00  1.00   20.00  .000E+00  .000E+00  .000E+00
 197   0   35.00  210.00   -119.00   .00E+00  1   .00  1.00  1.00  1.00   20.00  .000E+00  .000E+00  .000E+00
 198   0   35.00  205.00   -109.90   .00E+00  1   .00  1.00  1.00  1.00   20.00  .000E+00  .000E+00  .000E+00
 199   0   35.00  200.00   -100.50   .00E+00  1   .00  1.00  1.00  1.00   20.00  .000E+00  .000E+00  .000E+00
 200   0   35.00  190.00    -82.80   .00E+00  2   .00  1.00  1.00  1.00   20.00  .000E+00  .000E+00  .000E+00
 201   0   35.00  180.00    -71.00   .00E+00  2   .00  1.00  1.00  1.00   20.00  .000E+00  .000E+00  .000E+00
 202   0   35.00  170.00    -60.30   .00E+00  2   .00  1.00  1.00  1.00   20.00  .000E+00  .000E+00  .000E+00
 203   0   35.00  160.00    -49.80   .00E+00  2   .00  1.00  1.00  1.00   20.00  .000E+00  .000E+00  .000E+00
 204   0   35.00  150.00    -39.60   .00E+00  2   .00  1.00  1.00  1.00   20.00  .000E+00  .000E+00  .000E+00
 205   0   35.00  140.00    -29.50   .00E+00  2   .00  1.00  1.00  1.00   20.00  .000E+00  .000E+00  .000E+00
 206   0   35.00  130.00    -19.40   .00E+00  2   .00  1.00  1.00  1.00   20.00  .000E+00  .000E+00  .000E+00
 207   0   35.00  120.00     -9.40   .00E+00  2   .00  1.00  1.00  1.00   20.00  .000E+00  .000E+00  .000E+00
 208   0   35.00  110.00       .60   .00E+00  2   .00  1.00  1.00  1.00   20.00  .000E+00  .000E+00  .000E+00
 209   0   35.00  100.00     10.20   .00E+00  2   .00  1.00  1.00  1.00   20.00  .000E+00  .000E+00  .000E+00
 210  -6   41.00  230.00   -147.40   .00E+00  1   .00  1.00  1.00  1.00   20.00  .000E+00  .000E+00  .000E+00
 211   0   41.00  228.00   -145.50   .00E+00  1   .00  1.00  1.00  1.00   20.00  .000E+00  .000E+00  .000E+00
 212   0   41.00  226.00   -143.40   .00E+00  1   .00  1.00  1.00  1.00   20.00  .000E+00  .000E+00  .000E+00
 213   0   41.00  224.00   -141.00   .00E+00  1   .00  1.00  1.00  1.00   20.00  .000E+00  .000E+00  .000E+00
 214   0   41.00  220.00   -135.60   .00E+00  1   .00  1.00  1.00  1.00   20.00  .000E+00  .000E+00  .000E+00
 215   0   41.00  215.00   -127.70   .00E+00  1   .00  1.00  1.00  1.00   20.00  .000E+00  .000E+00  .000E+00
 216   0   41.00  210.00   -119.00   .00E+00  1   .00  1.00  1.00  1.00   20.00  .000E+00  .000E+00  .000E+00
 217   0   41.00  205.00   -109.90   .00E+00  1   .00  1.00  1.00  1.00   20.00  .000E+00  .000E+00  .000E+00
 218   0   41.00  200.00   -100.50   .00E+00  1   .00  1.00  1.00  1.00   20.00  .000E+00  .000E+00  .000E+00
 219   0   41.00  190.00    -82.80   .00E+00  2   .00  1.00  1.00  1.00   20.00  .000E+00  .000E+00  .000E+00
 220   0   41.00  180.00    -71.00   .00E+00  2   .00  1.00  1.00  1.00   20.00  .000E+00  .000E+00  .000E+00
 221   0   41.00  170.00    -60.30   .00E+00  2   .00  1.00  1.00  1.00   20.00  .000E+00  .000E+00  .000E+00
 222   0   41.00  160.00    -49.80   .00E+00  2   .00  1.00  1.00  1.00   20.00  .000E+00  .000E+00  .000E+00
 223   0   41.00  150.00    -39.60   .00E+00  2   .00  1.00  1.00  1.00   20.00  .000E+00  .000E+00  .000E+00
 224   0   41.00  140.00    -29.50   .00E+00  2   .00  1.00  1.00  1.00   20.00  .000E+00  .000E+00  .000E+00
 225   0   41.00  130.00    -19.40   .00E+00  2   .00  1.00  1.00  1.00   20.00  .000E+00  .000E+00  .000E+00
 226   0   41.00  120.00     -9.40   .00E+00  2   .00  1.00  1.00  1.00   20.00  .000E+00  .000E+00  .000E+00
 227   0   41.00  110.00       .60   .00E+00  2   .00  1.00  1.00  1.00   20.00  .000E+00  .000E+00  .000E+00
 228   0   41.00  100.00     10.20   .00E+00  2   .00  1.00  1.00  1.00   20.00  .000E+00  .000E+00  .000E+00
 229  -6   48.00  230.00   -147.40   .00E+00  1   .00  1.00  1.00  1.00   20.00  .000E+00  .000E+00  .000E+00
 230   0   48.00  228.00   -145.50   .00E+00  1   .00  1.00  1.00  1.00   20.00  .000E+00  .000E+00  .000E+00
 231   0   48.00  226.00   -143.40   .00E+00  1   .00  1.00  1.00  1.00   20.00  .000E+00  .000E+00  .000E+00
 232   0   48.00  224.00   -141.00   .00E+00  1   .00  1.00  1.00  1.00   20.00  .000E+00  .000E+00  .000E+00
 233   0   48.00  220.00   -135.60   .00E+00  1   .00  1.00  1.00  1.00   20.00  .000E+00  .000E+00  .000E+00
 234   0   48.00  215.00   -127.70   .00E+00  1   .00  1.00  1.00  1.00   20.00  .000E+00  .000E+00  .000E+00
 235   0   48.00  210.00   -119.00   .00E+00  1   .00  1.00  1.00  1.00   20.00  .000E+00  .000E+00  .000E+00
 236   0   48.00  205.00   -109.90   .00E+00  1   .00  1.00  1.00  1.00   20.00  .000E+00  .000E+00  .000E+00
 237   0   48.00  200.00   -100.50   .00E+00  1   .00  1.00  1.00  1.00   20.00  .000E+00  .000E+00  .000E+00
 238   0   48.00  190.00    -82.80   .00E+00  2   .00  1.00  1.00  1.00   20.00  .000E+00  .000E+00  .000E+00
 239   0   48.00  180.00    -71.00   .00E+00  2   .00  1.00  1.00  1.00   20.00  .000E+00  .000E+00  .000E+00
 240   0   48.00  170.00    -60.30   .00E+00  2   .00  1.00  1.00  1.00   20.00  .000E+00  .000E+00  .000E+00
 241   0   48.00  160.00    -49.80   .00E+00  2   .00  1.00  1.00  1.00   20.00  .000E+00  .000E+00  .000E+00
 242   0   48.00  150.00    -39.60   .00E+00  2   .00  1.00  1.00  1.00   20.00  .000E+00  .000E+00  .000E+00
 243   0   48.00  140.00    -29.50   .00E+00  2   .00  1.00  1.00  1.00   20.00  .000E+00  .000E+00  .000E+00
 244   0   48.00  130.00    -19.40   .00E+00  2   .00  1.00  1.00  1.00   20.00  .000E+00  .000E+00  .000E+00
 245   0   48.00  120.00     -9.40   .00E+00  2   .00  1.00  1.00  1.00   20.00  .000E+00  .000E+00  .000E+00
 246   0   48.00  110.00       .60   .00E+00  2   .00  1.00  1.00  1.00   20.00  .000E+00  .000E+00  .000E+00
 247   0   48.00  100.00     10.20   .00E+00  2   .00  1.00  1.00  1.00   20.00  .000E+00  .000E+00  .000E+00
 248  -6   56.00  230.00   -147.40   .00E+00  1   .00  1.00  1.00  1.00   20.00  .000E+00  .000E+00  .000E+00
 249   0   56.00  228.00   -145.50   .00E+00  1   .00  1.00  1.00  1.00   20.00  .000E+00  .000E+00  .000E+00
 250   0   56.00  226.00   -143.40   .00E+00  1   .00  1.00  1.00  1.00   20.00  .000E+00  .000E+00  .000E+00
 251   0   56.00  224.00   -141.00   .00E+00  1   .00  1.00  1.00  1.00   20.00  .000E+00  .000E+00  .000E+00
 252   0   56.00  220.00   -135.60   .00E+00  1   .00  1.00  1.00  1.00   20.00  .000E+00  .000E+00  .000E+00
 253   0   56.00  215.00   -127.70   .00E+00  1   .00  1.00  1.00  1.00   20.00  .000E+00  .000E+00  .000E+00
 254   0   56.00  210.00   -119.00   .00E+00  1   .00  1.00  1.00  1.00   20.00  .000E+00  .000E+00  .000E+00
 255   0   56.00  205.00   -109.90   .00E+00  1   .00  1.00  1.00  1.00   20.00  .000E+00  .000E+00  .000E+00
 256   0   56.00  200.00   -100.50   .00E+00  1   .00  1.00  1.00  1.00   20.00  .000E+00  .000E+00  .000E+00
 257   0   56.00  190.00    -82.80   .00E+00  2   .00  1.00  1.00  1.00   20.00  .000E+00  .000E+00  .000E+00
 258   0   56.00  180.00    -71.00   .00E+00  2   .00  1.00  1.00  1.00   20.00  .000E+00  .000E+00  .000E+00
 259   0   56.00  170.00    -60.30   .00E+00  2   .00  1.00  1.00  1.00   20.00  .000E+00  .000E+00  .000E+00
 260   0   56.00  160.00    -49.80   .00E+00  2   .00  1.00  1.00  1.00   20.00  .000E+00  .000E+00  .000E+00
 261   0   56.00  150.00    -39.60   .00E+00  2   .00  1.00  1.00  1.00   20.00  .000E+00  .000E+00  .000E+00
 262   0   56.00  140.00    -29.50   .00E+00  2   .00  1.00  1.00  1.00   20.00  .000E+00  .000E+00  .000E+00
 263   0   56.00  130.00    -19.40   .00E+00  2   .00  1.00  1.00  1.00   20.00  .000E+00  .000E+00  .000E+00
 264   0   56.00  120.00     -9.40   .00E+00  2   .00  1.00  1.00  1.00   20.00  .000E+00  .000E+00  .000E+00
 265   0   56.00  110.00       .60   .00E+00  2   .00  1.00  1.00  1.00   20.00  .000E+00  .000E+00  .000E+00
 266   0   56.00  100.00     10.20   .00E+00  2   .00  1.00  1.00  1.00   20.00  .000E+00  .000E+00  .000E+00
 267  -6   65.00  230.00   -147.40   .00E+00  1   .00  1.00  1.00  1.00   20.00  .000E+00  .000E+00  .000E+00
 268   0   65.00  228.00   -145.50   .00E+00  1   .00  1.00  1.00  1.00   20.00  .000E+00  .000E+00  .000E+00
 269   0   65.00  226.00   -143.40   .00E+00  1   .00  1.00  1.00  1.00   20.00  .000E+00  .000E+00  .000E+00
 270   0   65.00  224.00   -141.00   .00E+00  1   .00  1.00  1.00  1.00   20.00  .000E+00  .000E+00  .000E+00
 271   0   65.00  220.00   -135.60   .00E+00  1   .00  1.00  1.00  1.00   20.00  .000E+00  .000E+00  .000E+00
 272   0   65.00  215.00   -127.70   .00E+00  1   .00  1.00  1.00  1.00   20.00  .000E+00  .000E+00  .000E+00
 273   0   65.00  210.00   -119.00   .00E+00  1   .00  1.00  1.00  1.00   20.00  .000E+00  .000E+00  .000E+00
 274   0   65.00  205.00   -109.90   .00E+00  1   .00  1.00  1.00  1.00   20.00  .000E+00  .000E+00  .000E+00
 275   0   65.00  200.00   -100.50   .00E+00  1   .00  1.00  1.00  1.00   20.00  .000E+00  .000E+00  .000E+00
 276   0   65.00  190.00    -82.80   .00E+00  2   .00  1.00  1.00  1.00   20.00  .000E+00  .000E+00  .000E+00
 277   0   65.00  180.00    -71.00   .00E+00  2   .00  1.00  1.00  1.00   20.00  .000E+00  .000E+00  .000E+00
 278   0   65.00  170.00    -60.30   .00E+00  2   .00  1.00  1.00  1.00   20.00  .000E+00  .000E+00  .000E+00
 279   0   65.00  160.00    -49.80   .00E+00  2   .00  1.00  1.00  1.00   20.00  .000E+00  .000E+00  .000E+00
 280   0   65.00  150.00    -39.60   .00E+00  2   .00  1.00  1.00  1.00   20.00  .000E+00  .000E+00  .000E+00
 281   0   65.00  140.00    -29.50   .00E+00  2   .00  1.00  1.00  1.00   20.00  .000E+00  .000E+00  .000E+00
 282   0   65.00  130.00    -19.40   .00E+00  2   .00  1.00  1.00  1.00   20.00  .000E+00  .000E+00  .000E+00
 283   0   65.00  120.00     -9.40   .00E+00  2   .00  1.00  1.00  1.00   20.00  .000E+00  .000E+00  .000E+00
 284   0   65.00  110.00       .60   .00E+00  2   .00  1.00  1.00  1.00   20.00  .000E+00  .000E+00  .000E+00
 285   0   65.00  100.00     10.20   .00E+00  2   .00  1.00  1.00  1.00   20.00  .000E+00  .000E+00  .000E+00
 286  -6   75.00  230.00   -147.40   .00E+00  1   .00  1.00  1.00  1.00   20.00  .000E+00  .000E+00  .000E+00
 287   0   75.00  228.00   -145.50   .00E+00  1   .00  1.00  1.00  1.00   20.00  .000E+00  .000E+00  .000E+00
 288   0   75.00  226.00   -143.40   .00E+00  1   .00  1.00  1.00  1.00   20.00  .000E+00  .000E+00  .000E+00
 289   0   75.00  224.00   -141.00   .00E+00  1   .00  1.00  1.00  1.00   20.00  .000E+00  .000E+00  .000E+00
 290   0   75.00  220.00   -135.60   .00E+00  1   .00  1.00  1.00  1.00   20.00  .000E+00  .000E+00  .000E+00
 291   0   75.00  215.00   -127.70   .00E+00  1   .00  1.00  1.00  1.00   20.00  .000E+00  .000E+00  .000E+00
 292   0   75.00  210.00   -119.00   .00E+00  1   .00  1.00  1.00  1.00   20.00  .000E+00  .000E+00  .000E+00
 293   0   75.00  205.00   -109.90   .00E+00  1   .00  1.00  1.00  1.00   20.00  .000E+00  .000E+00  .000E+00
 294   0   75.00  200.00   -100.50   .00E+00  1   .00  1.00  1.00  1.00   20.00  .000E+00  .000E+00  .000E+00
 295   0   75.00  190.00    -82.80   .00E+00  2   .00  1.00  1.00  1.00   20.00  .000E+00  .000E+00  .000E+00
 296   0   75.00  180.00    -71.00   .00E+00  2   .00  1.00  1.00  1.00   20.00  .000E+00  .000E+00  .000E+00
 297   0   75.00  170.00    -60.30   .00E+00  2   .00  1.00  1.00  1.00   20.00  .000E+00  .000E+00  .000E+00
 298   0   75.00  160.00    -49.80   .00E+00  2   .00  1.00  1.00  1.00   20.00  .000E+00  .000E+00  .000E+00
 299   0   75.00  150.00    -39.60   .00E+00  2   .00  1.00  1.00  1.00   20.00  .000E+00  .000E+00  .000E+00
 300   0   75.00  140.00    -29.50   .00E+00  2   .00  1.00  1.00  1.00   20.00  .000E+00  .000E+00  .000E+00
 301   0   75.00  130.00    -19.40   .00E+00  2   .00  1.00  1.00  1.00   20.00  .000E+00  .000E+00  .000E+00
 302   0   75.00  120.00     -9.40   .00E+00  2   .00  1.00  1.00  1.00   20.00  .000E+00  .000E+00  .000E+00
 303   0   75.00  110.00       .60   .00E+00  2   .00  1.00  1.00  1.00   20.00  .000E+00  .000E+00  .000E+00
 304   0   75.00  100.00     10.20   .00E+00  2   .00  1.00  1.00  1.00   20.00  .000E+00  .000E+00  .000E+00
 305  -6   86.00  230.00   -147.40   .00E+00  1   .00  1.00  1.00  1.00   20.00  .000E+00  .000E+00  .000E+00
 306   0   86.00  228.00   -145.50   .00E+00  1   .00  1.00  1.00  1.00   20.00  .000E+00  .000E+00  .000E+00
 307   0   86.00  226.00   -143.40   .00E+00  1   .00  1.00  1.00  1.00   20.00  .000E+00  .000E+00  .000E+00
 308   0   86.00  224.00   -141.00   .00E+00  1   .00  1.00  1.00  1.00   20.00  .000E+00  .000E+00  .000E+00
 309   0   86.00  220.00   -135.60   .00E+00  1   .00  1.00  1.00  1.00   20.00  .000E+00  .000E+00  .000E+00
 310   0   86.00  215.00   -127.70   .00E+00  1   .00  1.00  1.00  1.00   20.00  .000E+00  .000E+00  .000E+00
 311   0   86.00  210.00   -119.00   .00E+00  1   .00  1.00  1.00  1.00   20.00  .000E+00  .000E+00  .000E+00
 312   0   86.00  205.00   -109.90   .00E+00  1   .00  1.00  1.00  1.00   20.00  .000E+00  .000E+00  .000E+00
 313   0   86.00  200.00   -100.50   .00E+00  1   .00  1.00  1.00  1.00   20.00  .000E+00  .000E+00  .000E+00
 314   0   86.00  190.00    -82.80   .00E+00  2   .00  1.00  1.00  1.00   20.00  .000E+00  .000E+00  .000E+00
 315   0   86.00  180.00    -71.00   .00E+00  2   .00  1.00  1.00  1.00   20.00  .000E+00  .000E+00  .000E+00
 316   0   86.00  170.00    -60.30   .00E+00  2   .00  1.00  1.00  1.00   20.00  .000E+00  .000E+00  .000E+00
 317   0   86.00  160.00    -49.80   .00E+00  2   .00  1.00  1.00  1.00   20.00  .000E+00  .000E+00  .000E+00
 318   0   86.00  150.00    -39.60   .00E+00  2   .00  1.00  1.00  1.00   20.00  .000E+00  .000E+00  .000E+00
 319   0   86.00  140.00    -29.50   .00E+00  2   .00  1.00  1.00  1.00   20.00  .000E+00  .000E+00  .000E+00
 320   0   86.00  130.00    -19.40   .00E+00  2   .00  1.00  1.00  1.00   20.00  .000E+00  .000E+00  .000E+00
 321   0   86.00  120.00     -9.40   .00E+00  2   .00  1.00  1.00  1.00   20.00  .000E+00  .000E+00  .000E+00
 322   0   86.00  110.00       .60   .00E+00  2   .00  1.00  1.00  1.00   20.00  .000E+00  .000E+00  .000E+00
 323   0   86.00  100.00     10.20   .00E+00  2   .00  1.00  1.00  1.00   20.00  .000E+00  .000E+00  .000E+00
 324  -6   98.00  230.00   -147.40   .00E+00  1   .00  1.00  1.00  1.00   20.00  .000E+00  .000E+00  .000E+00
 325   0   98.00  228.00   -145.50   .00E+00  1   .00  1.00  1.00  1.00   20.00  .000E+00  .000E+00  .000E+00
 326   0   98.00  226.00   -143.40   .00E+00  1   .00  1.00  1.00  1.00   20.00  .000E+00  .000E+00  .000E+00
 327   0   98.00  224.00   -141.00   .00E+00  1   .00  1.00  1.00  1.00   20.00  .000E+00  .000E+00  .000E+00
 328   0   98.00  220.00   -135.60   .00E+00  1   .00  1.00  1.00  1.00   20.00  .000E+00  .000E+00  .000E+00
 329   0   98.00  215.00   -127.70   .00E+00  1   .00  1.00  1.00  1.00   20.00  .000E+00  .000E+00  .000E+00
 330   0   98.00  210.00   -119.00   .00E+00  1   .00  1.00  1.00  1.00   20.00  .000E+00  .000E+00  .000E+00
 331   0   98.00  205.00   -109.90   .00E+00  1   .00  1.00  1.00  1.00   20.00  .000E+00  .000E+00  .000E+00
 332   0   98.00  200.00   -100.50   .00E+00  1   .00  1.00  1.00  1.00   20.00  .000E+00  .000E+00  .000E+00
 333   0   98.00  190.00    -82.80   .00E+00  2   .00  1.00  1.00  1.00   20.00  .000E+00  .000E+00  .000E+00
 334   0   98.00  180.00    -71.00   .00E+00  2   .00  1.00  1.00  1.00   20.00  .000E+00  .000E+00  .000E+00
 335   0   98.00  170.00    -60.30   .00E+00  2   .00  1.00  1.00  1.00   20.00  .000E+00  .000E+00  .000E+00
 336   0   98.00  160.00    -49.80   .00E+00  2   .00  1.00  1.00  1.00   20.00  .000E+00  .000E+00  .000E+00
 337   0   98.00  150.00    -39.60   .00E+00  2   .00  1.00  1.00  1.00   20.00  .000E+00  .000E+00  .000E+00
 338   0   98.00  140.00    -29.50   .00E+00  2   .00  1.00  1.00  1.00   20.00  .000E+00  .000E+00  .000E+00
 339   0   98.00  130.00    -19.40   .00E+00  2   .00  1.00  1.00  1.00   20.00  .000E+00  .000E+00  .000E+00
 340   0   98.00  120.00     -9.40   .00E+00  2   .00  1.00  1.00  1.00   20.00  .000E+00  .000E+00  .000E+00
 341   0   98.00  110.00       .60   .00E+00  2   .00  1.00  1.00  1.00   20.00  .000E+00  .000E+00  .000E+00
 342   0   98.00  100.00     10.20   .00E+00  2   .00  1.00  1.00  1.00   20.00  .000E+00  .000E+00  .000E+00
 343  -6  111.00  230.00   -147.40   .00E+00  1   .00  1.00  1.00  1.00   20.00  .000E+00  .000E+00  .000E+00
 344   0  111.00  228.00   -145.50   .00E+00  1   .00  1.00  1.00  1.00   20.00  .000E+00  .000E+00  .000E+00
 345   0  111.00  226.00   -143.40   .00E+00  1   .00  1.00  1.00  1.00   20.00  .000E+00  .000E+00  .000E+00
 346   0  111.00  224.00   -141.00   .00E+00  1   .00  1.00  1.00  1.00   20.00  .000E+00  .000E+00  .000E+00
 347   0  111.00  220.00   -135.60   .00E+00  1   .00  1.00  1.00  1.00   20.00  .000E+00  .000E+00  .000E+00
 348   0  111.00  215.00   -127.70   .00E+00  1   .00  1.00  1.00  1.00   20.00  .000E+00  .000E+00  .000E+00
 349   0  111.00  210.00   -119.00   .00E+00  1   .00  1.00  1.00  1.00   20.00  .000E+00  .000E+00  .000E+00
 350   0  111.00  205.00   -109.90   .00E+00  1   .00  1.00  1.00  1.00   20.00  .000E+00  .000E+00  .000E+00
 351   0  111.00  200.00   -100.50   .00E+00  1   .00  1.00  1.00  1.00   20.00  .000E+00  .000E+00  .000E+00
 352   0  111.00  190.00    -82.80   .00E+00  2   .00  1.00  1.00  1.00   20.00  .000E+00  .000E+00  .000E+00
 353   0  111.00  180.00    -71.00   .00E+00  2   .00  1.00  1.00  1.00   20.00  .000E+00  .000E+00  .000E+00
 354   0  111.00  170.00    -60.30   .00E+00  2   .00  1.00  1.00  1.00   20.00  .000E+00  .000E+00  .000E+00
 355   0  111.00  160.00    -49.80   .00E+00  2   .00  1.00  1.00  1.00   20.00  .000E+00  .000E+00  .000E+00
 356   0  111.00  150.00    -39.60   .00E+00  2   .00  1.00  1.00  1.00   20.00  .000E+00  .000E+00  .000E+00
 357   0  111.00  140.00    -29.50   .00E+00  2   .00  1.00  1.00  1.00   20.00  .000E+00  .000E+00  .000E+00
 358   0  111.00  130.00    -19.40   .00E+00  2   .00  1.00  1.00  1.00   20.00  .000E+00  .000E+00  .000E+00
 359   0  111.00  120.00     -9.40   .00E+00  2   .00  1.00  1.00  1.00   20.00  .000E+00  .000E+00  .000E+00
 360   0  111.00  110.00       .60   .00E+00  2   .00  1.00  1.00  1.00   20.00  .000E+00  .000E+00  .000E+00
 361   0  111.00  100.00     10.20   .00E+00  2   .00  1.00  1.00  1.00   20.00  .000E+00  .000E+00  .000E+00
 362  -6  125.00  230.00   -147.40   .00E+00  1   .00  1.00  1.00  1.00   20.00  .000E+00  .000E+00  .000E+00
 363   0  125.00  228.00   -145.50   .00E+00  1   .00  1.00  1.00  1.00   20.00  .000E+00  .000E+00  .000E+00
 364   0  125.00  226.00   -143.40   .00E+00  1   .00  1.00  1.00  1.00   20.00  .000E+00  .000E+00  .000E+00
 365   0  125.00  224.00   -141.00   .00E+00  1   .00  1.00  1.00  1.00   20.00  .000E+00  .000E+00  .000E+00
 366   0  125.00  220.00   -135.60   .00E+00  1   .00  1.00  1.00  1.00   20.00  .000E+00  .000E+00  .000E+00
 367   0  125.00  215.00   -127.70   .00E+00  1   .00  1.00  1.00  1.00   20.00  .000E+00  .000E+00  .000E+00
 368   0  125.00  210.00   -119.00   .00E+00  1   .00  1.00  1.00  1.00   20.00  .000E+00  .000E+00  .000E+00
 369   0  125.00  205.00   -109.90   .00E+00  1   .00  1.00  1.00  1.00   20.00  .000E+00  .000E+00  .000E+00
 370   0  125.00  200.00   -100.50   .00E+00  1   .00  1.00  1.00  1.00   20.00  .000E+00  .000E+00  .000E+00
 371   0  125.00  190.00    -82.80   .00E+00  2   .00  1.00  1.00  1.00   20.00  .000E+00  .000E+00  .000E+00
 372   0  125.00  180.00    -71.00   .00E+00  2   .00  1.00  1.00  1.00   20.00  .000E+00  .000E+00  .000E+00
 373   0  125.00  170.00    -60.30   .00E+00  2   .00  1.00  1.00  1.00   20.00  .000E+00  .000E+00  .000E+00
 374   0  125.00  160.00    -49.80   .00E+00  2   .00  1.00  1.00  1.00   20.00  .000E+00  .000E+00  .000E+00
 375   0  125.00  150.00    -39.60   .00E+00  2   .00  1.00  1.00  1.00   20.00  .000E+00  .000E+00  .000E+00
 376   0  125.00  140.00    -29.50   .00E+00  2   .00  1.00  1.00  1.00   20.00  .000E+00  .000E+00  .000E+00
 377   0  125.00  130.00    -19.40   .00E+00  2   .00  1.00  1.00  1.00   20.00  .000E+00  .000E+00  .000E+00
 378   0  125.00  120.00     -9.40   .00E+00  2   .00  1.00  1.00  1.00   20.00  .000E+00  .000E+00  .000E+00
 379   5  125.00  110.00       .60   .00E+00  2   .00  1.00  1.00  1.00   20.00  .000E+00  .000E+00  .000E+00
 380   5  125.00  100.00     10.20   .00E+00  2   .00  1.00  1.00  1.00   20.00  .000E+00  .000E+00  .000E+00
*** BLOCK J: ELEMENT INFORMATION **********************************************
    e    i    j    k    l  Angle  Aniz1  Aniz2 LayNum
    1    2   21   20    1    .00   1.00   1.00   1
    2    3   22   21    2    .00   1.00   1.00   1
    3    4   23   22    3    .00   1.00   1.00   1
    4    5   24   23    4    .00   1.00   1.00   1
    5    6   25   24    5    .00   1.00   1.00   1
    6    7   26   25    6    .00   1.00   1.00   1
    7    8   27   26    7    .00   1.00   1.00   1
    8    9   28   27    8    .00   1.00   1.00   1
    9   10   29   28    9    .00   1.00   1.00   2
   10   11   30   29   10    .00   1.00   1.00   2
   11   12   31   30   11    .00   1.00   1.00   2
   12   13   32   31   12    .00   1.00   1.00   2
   13   14   33   32   13    .00   1.00   1.00   2
   14   15   34   33   14    .00   1.00   1.00   2
   15   16   35   34   15    .00   1.00   1.00   2
   16   17   36   35   16    .00   1.00   1.00   2
   17   18   37   36   17    .00   1.00   1.00   2
   18   19   38   37   18    .00   1.00   1.00   2
   19   21   40   39   20    .00   1.00   1.00   1
   20   22   41   40   21    .00   1.00   1.00   1
   21   23   42   41   22    .00   1.00   1.00   1
   22   24   43   42   23    .00   1.00   1.00   1
   23   25   44   43   24    .00   1.00   1.00   1
   24   26   45   44   25    .00   1.00   1.00   1
   25   27   46   45   26    .00   1.00   1.00   1
   26   28   47   46   27    .00   1.00   1.00   1
   27   29   48   47   28    .00   1.00   1.00   2
   28   30   49   48   29    .00   1.00   1.00   2
   29   31   50   49   30    .00   1.00   1.00   2
   30   32   51   50   31    .00   1.00   1.00   2
   31   33   52   51   32    .00   1.00   1.00   2
   32   34   53   52   33    .00   1.00   1.00   2
   33   35   54   53   34    .00   1.00   1.00   2
   34   36   55   54   35    .00   1.00   1.00   2
   35   37   56   55   36    .00   1.00   1.00   2
   36   38   57   56   37    .00   1.00   1.00   2
   37   40   59   58   39    .00   1.00   1.00   1
   38   41   60   59   40    .00   1.00   1.00   1
   39   42   61   60   41    .00   1.00   1.00   1
   40   43   62   61   42    .00   1.00   1.00   1
   41   44   63   62   43    .00   1.00   1.00   1
   42   45   64   63   44    .00   1.00   1.00   1
   43   46   65   64   45    .00   1.00   1.00   1
   44   47   66   65   46    .00   1.00   1.00   1
   45   48   67   66   47    .00   1.00   1.00   2
   46   49   68   67   48    .00   1.00   1.00   2
   47   50   69   68   49    .00   1.00   1.00   2
   48   51   70   69   50    .00   1.00   1.00   2
   49   52   71   70   51    .00   1.00   1.00   2
   50   53   72   71   52    .00   1.00   1.00   2
   51   54   73   72   53    .00   1.00   1.00   2
   52   55   74   73   54    .00   1.00   1.00   2
   53   56   75   74   55    .00   1.00   1.00   2
   54   57   76   75   56    .00   1.00   1.00   2
   55   59   78   77   58    .00   1.00   1.00   1
   56   60   79   78   59    .00   1.00   1.00   1
   57   61   80   79   60    .00   1.00   1.00   1
   58   62   81   80   61    .00   1.00   1.00   1
   59   63   82   81   62    .00   1.00   1.00   1
   60   64   83   82   63    .00   1.00   1.00   1
   61   65   84   83   64    .00   1.00   1.00   1
   62   66   85   84   65    .00   1.00   1.00   1
   63   67   86   85   66    .00   1.00   1.00   2
   64   68   87   86   67    .00   1.00   1.00   2
   65   69   88   87   68    .00   1.00   1.00   2
   66   70   89   88   69    .00   1.00   1.00   2
   67   71   90   89   70    .00   1.00   1.00   2
   68   72   91   90   71    .00   1.00   1.00   2
   69   73   92   91   72    .00   1.00   1.00   2
   70   74   93   92   73    .00   1.00   1.00   2
   71   75   94   93   74    .00   1.00   1.00   2
   72   76   95   94   75    .00   1.00   1.00   2
   73   78   97   96   77    .00   1.00   1.00   1
   74   79   98   97   78    .00   1.00   1.00   1
   75   80   99   98   79    .00   1.00   1.00   1
   76   81  100   99   80    .00   1.00   1.00   1
   77   82  101  100   81    .00   1.00   1.00   1
   78   83  102  101   82    .00   1.00   1.00   1
   79   84  103  102   83    .00   1.00   1.00   1
   80   85  104  103   84    .00   1.00   1.00   1
   81   86  105  104   85    .00   1.00   1.00   2
   82   87  106  105   86    .00   1.00   1.00   2
   83   88  107  106   87    .00   1.00   1.00   2
   84   89  108  107   88    .00   1.00   1.00   2
   85   90  109  108   89    .00   1.00   1.00   2
   86   91  110  109   90    .00   1.00   1.00   2
   87   92  111  110   91    .00   1.00   1.00   2
   88   93  112  111   92    .00   1.00   1.00   2
   89   94  113  112   93    .00   1.00   1.00   2
   90   95  114  113   94    .00   1.00   1.00   2
   91   97  116  115   96    .00   1.00   1.00   1
   92   98  117  116   97    .00   1.00   1.00   1
   93   99  118  117   98    .00   1.00   1.00   1
   94  100  119  118   99    .00   1.00   1.00   1
   95  101  120  119  100    .00   1.00   1.00   1
   96  102  121  120  101    .00   1.00   1.00   1
   97  103  122  121  102    .00   1.00   1.00   1
   98  104  123  122  103    .00   1.00   1.00   1
   99  105  124  123  104    .00   1.00   1.00   2
  100  106  125  124  105    .00   1.00   1.00   2
  101  107  126  125  106    .00   1.00   1.00   2
  102  108  127  126  107    .00   1.00   1.00   2
  103  109  128  127  108    .00   1.00   1.00   2
  104  110  129  128  109    .00   1.00   1.00   2
  105  111  130  129  110    .00   1.00   1.00   2
  106  112  131  130  111    .00   1.00   1.00   2
  107  113  132  131  112    .00   1.00   1.00   2
  108  114  133  132  113    .00   1.00   1.00   2
  109  116  135  134  115    .00   1.00   1.00   1
  110  117  136  135  116    .00   1.00   1.00   1
  111  118  137  136  117    .00   1.00   1.00   1
  112  119  138  137  118    .00   1.00   1.00   1
  113  120  139  138  119    .00   1.00   1.00   1
  114  121  140  139  120    .00   1.00   1.00   1
  115  122  141  140  121    .00   1.00   1.00   1
  116  123  142  141  122    .00   1.00   1.00   1
  117  124  143  142  123    .00   1.00   1.00   2
  118  125  144  143  124    .00   1.00   1.00   2
  119  126  145  144  125    .00   1.00   1.00   2
  120  127  146  145  126    .00   1.00   1.00   2
  121  128  147  146  127    .00   1.00   1.00   2
  122  129  148  147  128    .00   1.00   1.00   2
  123  130  149  148  129    .00   1.00   1.00   2
  124  131  150  149  130    .00   1.00   1.00   2
  125  132  151  150  131    .00   1.00   1.00   2
  126  133  152  151  132    .00   1.00   1.00   2
  127  135  154  153  134    .00   1.00   1.00   1
  128  136  155  154  135    .00   1.00   1.00   1
  129  137  156  155  136    .00   1.00   1.00   1
  130  138  157  156  137    .00   1.00   1.00   1
  131  139  158  157  138    .00   1.00   1.00   1
  132  140  159  158  139    .00   1.00   1.00   1
  133  141  160  159  140    .00   1.00   1.00   1
  134  142  161  160  141    .00   1.00   1.00   1
  135  143  162  161  142    .00   1.00   1.00   2
  136  144  163  162  143    .00   1.00   1.00   2
  137  145  164  163  144    .00   1.00   1.00   2
  138  146  165  164  145    .00   1.00   1.00   2
  139  147  166  165  146    .00   1.00   1.00   2
  140  148  167  166  147    .00   1.00   1.00   2
  141  149  168  167  148    .00   1.00   1.00   2
  142  150  169  168  149    .00   1.00   1.00   2
  143  151  170  169  150    .00   1.00   1.00   2
  144  152  171  170  151    .00   1.00   1.00   2
  145  154  173  172  153    .00   1.00   1.00   1
  146  155  174  173  154    .00   1.00   1.00   1
  147  156  175  174  155    .00   1.00   1.00   1
  148  157  176  175  156    .00   1.00   1.00   1
  149  158  177  176  157    .00   1.00   1.00   1
  150  159  178  177  158    .00   1.00   1.00   1
  151  160  179  178  159    .00   1.00   1.00   1
  152  161  180  179  160    .00   1.00   1.00   1
  153  162  181  180  161    .00   1.00   1.00   2
  154  163  182  181  162    .00   1.00   1.00   2
  155  164  183  182  163    .00   1.00   1.00   2
  156  165  184  183  164    .00   1.00   1.00   2
  157  166  185  184  165    .00   1.00   1.00   2
  158  167  186  185  166    .00   1.00   1.00   2
  159  168  187  186  167    .00   1.00   1.00   2
  160  169  188  187  168    .00   1.00   1.00   2
  161  170  189  188  169    .00   1.00   1.00   2
  162  171  190  189  170    .00   1.00   1.00   2
  163  173  192  191  172    .00   1.00   1.00   1
  164  174  193  192  173    .00   1.00   1.00   1
  165  175  194  193  174    .00   1.00   1.00   1
  166  176  195  194  175    .00   1.00   1.00   1
  167  177  196  195  176    .00   1.00   1.00   1
  168  178  197  196  177    .00   1.00   1.00   1
  169  179  198  197  178    .00   1.00   1.00   1
  170  180  199  198  179    .00   1.00   1.00   1
  171  181  200  199  180    .00   1.00   1.00   2
  172  182  201  200  181    .00   1.00   1.00   2
  173  183  202  201  182    .00   1.00   1.00   2
  174  184  203  202  183    .00   1.00   1.00   2
  175  185  204  203  184    .00   1.00   1.00   2
  176  186  205  204  185    .00   1.00   1.00   2
  177  187  206  205  186    .00   1.00   1.00   2
  178  188  207  206  187    .00   1.00   1.00   2
  179  189  208  207  188    .00   1.00   1.00   2
  180  190  209  208  189    .00   1.00   1.00   2
  181  192  211  210  191    .00   1.00   1.00   1
  182  193  212  211  192    .00   1.00   1.00   1
  183  194  213  212  193    .00   1.00   1.00   1
  184  195  214  213  194    .00   1.00   1.00   1
  185  196  215  214  195    .00   1.00   1.00   1
  186  197  216  215  196    .00   1.00   1.00   1
  187  198  217  216  197    .00   1.00   1.00   1
  188  199  218  217  198    .00   1.00   1.00   1
  189  200  219  218  199    .00   1.00   1.00   2
  190  201  220  219  200    .00   1.00   1.00   2
  191  202  221  220  201    .00   1.00   1.00   2
  192  203  222  221  202    .00   1.00   1.00   2
  193  204  223  222  203    .00   1.00   1.00   2
  194  205  224  223  204    .00   1.00   1.00   2
  195  206  225  224  205    .00   1.00   1.00   2
  196  207  226  225  206    .00   1.00   1.00   2
  197  208  227  226  207    .00   1.00   1.00   2
  198  209  228  227  208    .00   1.00   1.00   2
  199  211  230  229  210    .00   1.00   1.00   1
  200  212  231  230  211    .00   1.00   1.00   1
  201  213  232  231  212    .00   1.00   1.00   1
  202  214  233  232  213    .00   1.00   1.00   1
  203  215  234  233  214    .00   1.00   1.00   1
  204  216  235  234  215    .00   1.00   1.00   1
  205  217  236  235  216    .00   1.00   1.00   1
  206  218  237  236  217    .00   1.00   1.00   1
  207  219  238  237  218    .00   1.00   1.00   2
  208  220  239  238  219    .00   1.00   1.00   2
  209  221  240  239  220    .00   1.00   1.00   2
  210  222  241  240  221    .00   1.00   1.00   2
  211  223  242  241  222    .00   1.00   1.00   2
  212  224  243  242  223    .00   1.00   1.00   2
  213  225  244  243  224    .00   1.00   1.00   2
  214  226  245  244  225    .00   1.00   1.00   2
  215  227  246  245  226    .00   1.00   1.00   2
  216  228  247  246  227    .00   1.00   1.00   2
  217  230  249  248  229    .00   1.00   1.00   1
  218  231  250  249  230    .00   1.00   1.00   1
  219  232  251  250  231    .00   1.00   1.00   1
  220  233  252  251  232    .00   1.00   1.00   1
  221  234  253  252  233    .00   1.00   1.00   1
  222  235  254  253  234    .00   1.00   1.00   1
  223  236  255  254  235    .00   1.00   1.00   1
  224  237  256  255  236    .00   1.00   1.00   1
  225  238  257  256  237    .00   1.00   1.00   2
  226  239  258  257  238    .00   1.00   1.00   2
  227  240  259  258  239    .00   1.00   1.00   2
  228  241  260  259  240    .00   1.00   1.00   2
  229  242  261  260  241    .00   1.00   1.00   2
  230  243  262  261  242    .00   1.00   1.00   2
  231  244  263  262  243    .00   1.00   1.00   2
  232  245  264  263  244    .00   1.00   1.00   2
  233  246  265  264  245    .00   1.00   1.00   2
  234  247  266  265  246    .00   1.00   1.00   2
  235  249  268  267  248    .00   1.00   1.00   1
  236  250  269  268  249    .00   1.00   1.00   1
  237  251  270  269  250    .00   1.00   1.00   1
  238  252  271  270  251    .00   1.00   1.00   1
  239  253  272  271  252    .00   1.00   1.00   1
  240  254  273  272  253    .00   1.00   1.00   1
  241  255  274  273  254    .00   1.00   1.00   1
  242  256  275  274  255    .00   1.00   1.00   1
  243  257  276  275  256    .00   1.00   1.00   2
  244  258  277  276  257    .00   1.00   1.00   2
  245  259  278  277  258    .00   1.00   1.00   2
  246  260  279  278  259    .00   1.00   1.00   2
  247  261  280  279  260    .00   1.00   1.00   2
  248  262  281  280  261    .00   1.00   1.00   2
  249  263  282  281  262    .00   1.00   1.00   2
  250  264  283  282  263    .00   1.00   1.00   2
  251  265  284  283  264    .00   1.00   1.00   2
  252  266  285  284  265    .00   1.00   1.00   2
  253  268  287  286  267    .00   1.00   1.00   1
  254  269  288  287  268    .00   1.00   1.00   1
  255  270  289  288  269    .00   1.00   1.00   1
  256  271  290  289  270    .00   1.00   1.00   1
  257  272  291  290  271    .00   1.00   1.00   1
  258  273  292  291  272    .00   1.00   1.00   1
  259  274  293  292  273    .00   1.00   1.00   1
  260  275  294  293  274    .00   1.00   1.00   1
  261  276  295  294  275    .00   1.00   1.00   2
  262  277  296  295  276    .00   1.00   1.00   2
  263  278  297  296  277    .00   1.00   1.00   2
  264  279  298  297  278    .00   1.00   1.00   2
  265  280  299  298  279    .00   1.00   1.00   2
  266  281  300  299  280    .00   1.00   1.00   2
  267  282  301  300  281    .00   1.00   1.00   2
  268  283  302  301  282    .00   1.00   1.00   2
  269  284  303  302  283    .00   1.00   1.00   2
  270  285  304  303  284    .00   1.00   1.00   2
  271  287  306  305  286    .00   1.00   1.00   1
  272  288  307  306  287    .00   1.00   1.00   1
  273  289  308  307  288    .00   1.00   1.00   1
  274  290  309  308  289    .00   1.00   1.00   1
  275  291  310  309  290    .00   1.00   1.00   1
  276  292  311  310  291    .00   1.00   1.00   1
  277  293  312  311  292    .00   1.00   1.00   1
  278  294  313  312  293    .00   1.00   1.00   1
  279  295  314  313  294    .00   1.00   1.00   2
  280  296  315  314  295    .00   1.00   1.00   2
  281  297  316  315  296    .00   1.00   1.00   2
  282  298  317  316  297    .00   1.00   1.00   2
  283  299  318  317  298    .00   1.00   1.00   2
  284  300  319  318  299    .00   1.00   1.00   2
  285  301  320  319  300    .00   1.00   1.00   2
  286  302  321  320  301    .00   1.00   1.00   2
  287  303  322  321  302    .00   1.00   1.00   2
  288  304  323  322  303    .00   1.00   1.00   2
  289  306  325  324  305    .00   1.00   1.00   1
  290  307  326  325  306    .00   1.00   1.00   1
  291  308  327  326  307    .00   1.00   1.00   1
  292  309  328  327  308    .00   1.00   1.00   1
  293  310  329  328  309    .00   1.00   1.00   1
  294  311  330  329  310    .00   1.00   1.00   1
  295  312  331  330  311    .00   1.00   1.00   1
  296  313  332  331  312    .00   1.00   1.00   1
  297  314  333  332  313    .00   1.00   1.00   2
  298  315  334  333  314    .00   1.00   1.00   2
  299  316  335  334  315    .00   1.00   1.00   2
  300  317  336  335  316    .00   1.00   1.00   2
  301  318  337  336  317    .00   1.00   1.00   2
  302  319  338  337  318    .00   1.00   1.00   2
  303  320  339  338  319    .00   1.00   1.00   2
  304  321  340  339  320    .00   1.00   1.00   2
  305  322  341  340  321    .00   1.00   1.00   2
  306  323  342  341  322    .00   1.00   1.00   2
  307  325  344  343  324    .00   1.00   1.00   1
  308  326  345  344  325    .00   1.00   1.00   1
  309  327  346  345  326    .00   1.00   1.00   1
  310  328  347  346  327    .00   1.00   1.00   1
  311  329  348  347  328    .00   1.00   1.00   1
  312  330  349  348  329    .00   1.00   1.00   1
  313  331  350  349  330    .00   1.00   1.00   1
  314  332  351  350  331    .00   1.00   1.00   1
  315  333  352  351  332    .00   1.00   1.00   2
  316  334  353  352  333    .00   1.00   1.00   2
  317  335  354  353  334    .00   1.00   1.00   2
  318  336  355  354  335    .00   1.00   1.00   2
  319  337  356  355  336    .00   1.00   1.00   2
  320  338  357  356  337    .00   1.00   1.00   2
  321  339  358  357  338    .00   1.00   1.00   2
  322  340  359  358  339    .00   1.00   1.00   2
  323  341  360  359  340    .00   1.00   1.00   2
  324  342  361  360  341    .00   1.00   1.00   2
  325  344  363  362  343    .00   1.00   1.00   1
  326  345  364  363  344    .00   1.00   1.00   1
  327  346  365  364  345    .00   1.00   1.00   1
  328  347  366  365  346    .00   1.00   1.00   1
  329  348  367  366  347    .00   1.00   1.00   1
  330  349  368  367  348    .00   1.00   1.00   1
  331  350  369  368  349    .00   1.00   1.00   1
  332  351  370  369  350    .00   1.00   1.00   1
  333  352  371  370  351    .00   1.00   1.00   2
  334  353  372  371  352    .00   1.00   1.00   2
  335  354  373  372  353    .00   1.00   1.00   2
  336  355  374  373  354    .00   1.00   1.00   2
  337  356  375  374  355    .00   1.00   1.00   2
  338  357  376  375  356    .00   1.00   1.00   2
  339  358  377  376  357    .00   1.00   1.00   2
  340  359  378  377  358    .00   1.00   1.00   2
  341  360  379  378  359    .00   1.00   1.00   2
  342  361  380  379  360    .00   1.00   1.00   2
*** BLOCK K: BOUNDARY GEOMETRY INFORMATION ************************************
 Node number array:
         1        20        39        58        77        96       115
       134       153       172       191       210       229       248
       267       286       305       324       343       362       379
       380
 Width array:
     26.18    157.08    273.32    300.55    261.80    238.76    263.89
    366.52    579.10    857.66   1221.04   1688.09   2277.66   3008.61
   3899.77   4970.01   6238.17   7723.10   9443.65   5292.55   7853.98
   3926.99
 Length:
       .00
 Observation Nodes (1,..,Nobs):

*** END OF INPUT FILE GRID.IN *************************************************

