    6    6
     EXAMPLE 1: TALL FESCUE   (CR53)
    8    1    1    0
SLOPE     THRESH      YM
       0.8      .508
       6.1      .397
       7.3      .470
       8.3      .380
      10.9      .248
      11.4      .293
      12.5      .238
      13.7      .157
     EXAMPLE 2: PERENNIAL RYE   (CR53)
    8    2    0    0
       0.8      .467
       6.1      .496
       7.3      .433
       8.3      .245
      10.9      .317
      11.4      .293
      12.5      .208
      13.7      .179
     EXAMPLE 3: TOMATO  (OSAWA, 1965)
    6    3    0    0
       2.1     2.133
       3.9     1.557
       5.6     1.557
       9.1      .917
      15.8      .384
      28.0      .085
     EXAMPLE 4: GRAPEFRUIT (FEINERMAN ET AL., 1982)
   19    5    0    0
     5.069     100.7
     5.469     100.4
     5.476     107.4
     6.410     107.3
     7.980     103.9
     8.306     100.2
     9.346      99.4
    10.325     103.0
    10.358     101.9
    11.381     101.7
    11.467     100.7
    12.414      93.1
    13.411      93.8
    14.399      97.8
    14.461      90.3
    16.172      94.6
    16.457      92.6
    17.346      94.8
    19.822      81.9
     EXAMPLE 5: BROME GRASS   (MCELGUNN AND LAWRENCE, 1973)
   19   12    1    1
 C50       P-EXP       YM
      15.0       2.0      1.00
       4.0      1.00
       5.9       .97
       7.9       .93
      9.85       .87
      11.8       .79
      13.8       .67
     15.75       .51
     17.75       .38
      19.7       .29
     21.65       .21
     23.65       .16
      25.6       .12
      27.5       .08
      29.5       .05
      31.5       .03
      33.5       .02
      35.5       .01
      37.5       .00
      39.5       .00
     EXAMPLE 6: CORN   (GRAIN)  (HOFFMAN ET AL., 1983)
   27   10    1    0
SLOPE     THRESH     SPR79     SPR80     SPR81     SPR79     SPR80     SPR81
       2.7      1.17         1          SPRINKLER-IRRIGATED PLOTS, 1979
       3.0      1.18         1
       3.1      1.18         1
       3.7      1.17         1
       4.2      1.14         1
       1.2      1.27         2          SPRINKLER-IRRIGATED PLOTS, 1980
       2.4      1.23         2
       3.8      1.17         2
       5.2      0.93         2
       6.2      0.70         2
       1.9      1.34         3          SPRINKLER-IRRIGATED PLOTS, 1981
       3.5      1.27         3
       6.1      1.05         3
       7.3      0.73         3
       9.3      0.32         3
       2.4      1.12         4          SUBSURFACE IRRIGATED PLOTS, 1979
       2.6      1.14         4
       2.7      1.14         4
       2.9      1.08         4
       2.3      1.22         5          SUBSURFACE IRRIGATED PLOTS, 1980
       2.9      1.20         5
       3.8      1.17         5
       4.8      1.07         5
       3.0      1.32         6          SUBSURFACE IRRIGATED PLOTS, 1981
       5.1      0.93         6
       6.5      0.70         6
       8.6      0.34         6

