*** BLOCK H: NODAL INFORMATION **************************************************
      NumNP     NumEl       IJ      NumBP     NObs
       315       280        15        30      0
   n  Code    x      z          h       Conc      Q     M   B    Axz   Bxz   Dxz
   1   1    0.00    0.00      0.00  0.00E+00  0.00E+00  1  0.00  1.00  1.00  1.00
   2   1   10.00    0.00      0.00  0.00E+00  0.00E+00  1  0.00  1.00  1.00  1.00
   3   1   20.00    0.00      0.00  0.00E+00  0.00E+00  1  0.00  1.00  1.00  1.00
   4   1   30.00    0.00      0.00  0.00E+00  0.00E+00  1  0.00  1.00  1.00  1.00
   5   1   40.00    0.00      0.00  0.00E+00  0.00E+00  1  0.00  1.00  1.00  1.00
   6   1   45.00    0.00      0.00  0.00E+00  0.00E+00  1  0.00  1.00  1.00  1.00
   7   1   49.00    0.00      0.00  0.00E+00  0.00E+00  1  0.00  1.00  1.00  1.00
   8   1   51.00    0.00      0.00  0.00E+00  0.00E+00  1  0.00  1.00  1.00  1.00
   9   1   55.00    0.00      0.00  0.00E+00  0.00E+00  1  0.00  1.00  1.00  1.00
  10   1   60.00    0.00      0.00  0.00E+00  0.00E+00  1  0.00  1.00  1.00  1.00
  11   1   67.00    0.00      0.00  0.00E+00  0.00E+00  1  0.00  1.00  1.00  1.00
  12   1   75.00    0.00      0.00  0.00E+00  0.00E+00  1  0.00  1.00  1.00  1.00
  13   1   85.00    0.00      0.00  0.00E+00  0.00E+00  1  0.00  1.00  1.00  1.00
  14   1  100.00    0.00      0.00  0.00E+00  0.00E+00  1  0.00  1.00  1.00  1.00
  15   1  120.00    0.00      0.00  0.00E+00  0.00E+00  1  0.00  1.00  1.00  1.00
  16   0    0.00   -5.00      0.00  0.00E+00  0.00E+00  1  0.00  1.00  1.00  1.00
  17   0   10.00   -5.00      0.00  0.00E+00  0.00E+00  1  0.00  1.00  1.00  1.00
  18   0   20.00   -5.00      0.00  0.00E+00  0.00E+00  1  0.00  1.00  1.00  1.00
  19   0   30.00   -5.00      0.00  0.00E+00  0.00E+00  1  0.00  1.00  1.00  1.00
  20   0   40.00   -5.00      0.00  0.00E+00  0.00E+00  1  0.00  1.00  1.00  1.00
  21   0   45.00   -5.00      0.00  0.00E+00  0.00E+00  1  0.00  1.00  1.00  1.00
  22   0   49.00   -5.00      0.00  0.00E+00  0.00E+00  1  0.00  1.00  1.00  1.00
  23   0   51.00   -5.00      0.00  0.00E+00  0.00E+00  1  0.00  1.00  1.00  1.00
  24   0   55.00   -5.00      0.00  0.00E+00  0.00E+00  1  0.00  1.00  1.00  1.00
  25   0   60.00   -5.00      0.00  0.00E+00  0.00E+00  1  0.00  1.00  1.00  1.00
  26   0   67.00   -5.00      0.00  0.00E+00  0.00E+00  1  0.00  1.00  1.00  1.00
  27   0   75.00   -5.00      0.00  0.00E+00  0.00E+00  1  0.00  1.00  1.00  1.00
  28   0   85.00   -5.00      0.00  0.00E+00  0.00E+00  1  0.00  1.00  1.00  1.00
  29   0  100.00   -5.00      0.00  0.00E+00  0.00E+00  1  0.00  1.00  1.00  1.00
  30   0  120.00   -5.00      0.00  0.00E+00  0.00E+00  1  0.00  1.00  1.00  1.00
  31   0    0.00  -10.00      0.00  0.00E+00  0.00E+00  1  0.00  1.00  1.00  1.00
  32   0   10.00  -10.00      0.00  0.00E+00  0.00E+00  1  0.00  1.00  1.00  1.00
  33   0   20.00  -10.00      0.00  0.00E+00  0.00E+00  1  0.00  1.00  1.00  1.00
  34   0   30.00  -10.00      0.00  0.00E+00  0.00E+00  1  0.00  1.00  1.00  1.00
  35   0   40.00  -10.00      0.00  0.00E+00  0.00E+00  1  0.00  1.00  1.00  1.00
  36   0   45.00  -10.00      0.00  0.00E+00  0.00E+00  1  0.00  1.00  1.00  1.00
  37   0   49.00  -10.00      0.00  0.00E+00  0.00E+00  1  0.00  1.00  1.00  1.00
  38   0   51.00  -10.00      0.00  0.00E+00  0.00E+00  1  0.00  1.00  1.00  1.00
  39   0   55.00  -10.00      0.00  0.00E+00  0.00E+00  1  0.00  1.00  1.00  1.00
  40   0   60.00  -10.00      0.00  0.00E+00  0.00E+00  1  0.00  1.00  1.00  1.00
  41   0   67.00  -10.00      0.00  0.00E+00  0.00E+00  1  0.00  1.00  1.00  1.00
  42   0   75.00  -10.00      0.00  0.00E+00  0.00E+00  1  0.00  1.00  1.00  1.00
  43   0   85.00  -10.00      0.00  0.00E+00  0.00E+00  1  0.00  1.00  1.00  1.00
  44   0  100.00  -10.00      0.00  0.00E+00  0.00E+00  1  0.00  1.00  1.00  1.00
  45   0  120.00  -10.00      0.00  0.00E+00  0.00E+00  1  0.00  1.00  1.00  1.00
  46   0    0.00  -15.00      0.00  0.00E+00  0.00E+00  1  0.00  1.00  1.00  1.00
  47   0   10.00  -15.00      0.00  0.00E+00  0.00E+00  1  0.00  1.00  1.00  1.00
  48   0   20.00  -15.00      0.00  0.00E+00  0.00E+00  1  0.00  1.00  1.00  1.00
  49   0   30.00  -15.00      0.00  0.00E+00  0.00E+00  1  0.00  1.00  1.00  1.00
  50   0   40.00  -15.00      0.00  0.00E+00  0.00E+00  1  0.00  1.00  1.00  1.00
  51   0   45.00  -15.00      0.00  0.00E+00  0.00E+00  1  0.00  1.00  1.00  1.00
  52   0   49.00  -15.00      0.00  0.00E+00  0.00E+00  1  0.00  1.00  1.00  1.00
  53   0   51.00  -15.00      0.00  0.00E+00  0.00E+00  1  0.00  1.00  1.00  1.00
  54   0   55.00  -15.00      0.00  0.00E+00  0.00E+00  1  0.00  1.00  1.00  1.00
  55   0   60.00  -15.00      0.00  0.00E+00  0.00E+00  1  0.00  1.00  1.00  1.00
  56   0   67.00  -15.00      0.00  0.00E+00  0.00E+00  1  0.00  1.00  1.00  1.00
  57   0   75.00  -15.00      0.00  0.00E+00  0.00E+00  1  0.00  1.00  1.00  1.00
  58   0   85.00  -15.00      0.00  0.00E+00  0.00E+00  1  0.00  1.00  1.00  1.00
  59   0  100.00  -15.00      0.00  0.00E+00  0.00E+00  1  0.00  1.00  1.00  1.00
  60   0  120.00  -15.00      0.00  0.00E+00  0.00E+00  1  0.00  1.00  1.00  1.00
  61   0    0.00  -20.00      0.00  0.00E+00  0.00E+00  1  0.00  1.00  1.00  1.00
  62   0   10.00  -20.00      0.00  0.00E+00  0.00E+00  1  0.00  1.00  1.00  1.00
  63   0   20.00  -20.00      0.00  0.00E+00  0.00E+00  1  0.00  1.00  1.00  1.00
  64   0   30.00  -20.00      0.00  0.00E+00  0.00E+00  1  0.00  1.00  1.00  1.00
  65   0   40.00  -20.00      0.00  0.00E+00  0.00E+00  1  0.00  1.00  1.00  1.00
  66   0   45.00  -20.00      0.00  0.00E+00  0.00E+00  1  0.00  1.00  1.00  1.00
  67   0   49.00  -20.00      0.00  0.00E+00  0.00E+00  1  0.00  1.00  1.00  1.00
  68   0   51.00  -20.00      0.00  0.00E+00  0.00E+00  1  0.00  1.00  1.00  1.00
  69   0   55.00  -20.00      0.00  0.00E+00  0.00E+00  1  0.00  1.00  1.00  1.00
  70   0   60.00  -20.00      0.00  0.00E+00  0.00E+00  1  0.00  1.00  1.00  1.00
  71   0   67.00  -20.00      0.00  0.00E+00  0.00E+00  1  0.00  1.00  1.00  1.00
  72   0   75.00  -20.00      0.00  0.00E+00  0.00E+00  1  0.00  1.00  1.00  1.00
  73   0   85.00  -20.00      0.00  0.00E+00  0.00E+00  1  0.00  1.00  1.00  1.00
  74   0  100.00  -20.00      0.00  0.00E+00  0.00E+00  1  0.00  1.00  1.00  1.00
  75   0  120.00  -20.00      0.00  0.00E+00  0.00E+00  1  0.00  1.00  1.00  1.00
  76   0    0.00  -25.00      0.00  0.00E+00  0.00E+00  1  0.00  1.00  1.00  1.00
  77   0   10.00  -25.00      0.00  0.00E+00  0.00E+00  1  0.00  1.00  1.00  1.00
  78   0   20.00  -25.00      0.00  0.00E+00  0.00E+00  1  0.00  1.00  1.00  1.00
  79   0   30.00  -25.00      0.00  0.00E+00  0.00E+00  1  0.00  1.00  1.00  1.00
  80   0   40.00  -25.00      0.00  0.00E+00  0.00E+00  1  0.00  1.00  1.00  1.00
  81   0   45.00  -25.00      0.00  0.00E+00  0.00E+00  1  0.00  1.00  1.00  1.00
  82   0   49.00  -25.00      0.00  0.00E+00  0.00E+00  1  0.00  1.00  1.00  1.00
  83   0   51.00  -25.00      0.00  0.00E+00  0.00E+00  1  0.00  1.00  1.00  1.00
  84   0   55.00  -25.00      0.00  0.00E+00  0.00E+00  1  0.00  1.00  1.00  1.00
  85   0   60.00  -25.00      0.00  0.00E+00  0.00E+00  1  0.00  1.00  1.00  1.00
  86   0   67.00  -25.00      0.00  0.00E+00  0.00E+00  1  0.00  1.00  1.00  1.00
  87   0   75.00  -25.00      0.00  0.00E+00  0.00E+00  1  0.00  1.00  1.00  1.00
  88   0   85.00  -25.00      0.00  0.00E+00  0.00E+00  1  0.00  1.00  1.00  1.00
  89   0  100.00  -25.00      0.00  0.00E+00  0.00E+00  1  0.00  1.00  1.00  1.00
  90   0  120.00  -25.00      0.00  0.00E+00  0.00E+00  1  0.00  1.00  1.00  1.00
  91   0    0.00  -30.00      0.00  0.00E+00  0.00E+00  1  0.00  1.00  1.00  1.00
  92   0   10.00  -30.00      0.00  0.00E+00  0.00E+00  1  0.00  1.00  1.00  1.00
  93   0   20.00  -30.00      0.00  0.00E+00  0.00E+00  1  0.00  1.00  1.00  1.00
  94   0   30.00  -30.00      0.00  0.00E+00  0.00E+00  1  0.00  1.00  1.00  1.00
  95   0   40.00  -30.00      0.00  0.00E+00  0.00E+00  1  0.00  1.00  1.00  1.00
  96   0   45.00  -30.00      0.00  0.00E+00  0.00E+00  1  0.00  1.00  1.00  1.00
  97   0   49.00  -30.00      0.00  0.00E+00  0.00E+00  1  0.00  1.00  1.00  1.00
  98   0   51.00  -30.00      0.00  0.00E+00  0.00E+00  1  0.00  1.00  1.00  1.00
  99   0   55.00  -30.00      0.00  0.00E+00  0.00E+00  1  0.00  1.00  1.00  1.00
 100   0   60.00  -30.00      0.00  0.00E+00  0.00E+00  1  0.00  1.00  1.00  1.00
 101   0   67.00  -30.00      0.00  0.00E+00  0.00E+00  1  0.00  1.00  1.00  1.00
 102   0   75.00  -30.00      0.00  0.00E+00  0.00E+00  1  0.00  1.00  1.00  1.00
 103   0   85.00  -30.00      0.00  0.00E+00  0.00E+00  1  0.00  1.00  1.00  1.00
 104   0  100.00  -30.00      0.00  0.00E+00  0.00E+00  1  0.00  1.00  1.00  1.00
 105   0  120.00  -30.00      0.00  0.00E+00  0.00E+00  1  0.00  1.00  1.00  1.00
 106   0    0.00  -35.00      0.00  0.00E+00  0.00E+00  1  0.00  1.00  1.00  1.00
 107   0   10.00  -35.00      0.00  0.00E+00  0.00E+00  1  0.00  1.00  1.00  1.00
 108   0   20.00  -35.00      0.00  0.00E+00  0.00E+00  1  0.00  1.00  1.00  1.00
 109   0   30.00  -35.00      0.00  0.00E+00  0.00E+00  1  0.00  1.00  1.00  1.00
 110   0   40.00  -35.00      0.00  0.00E+00  0.00E+00  1  0.00  1.00  1.00  1.00
 111   0   45.00  -35.00      0.00  0.00E+00  0.00E+00  1  0.00  1.00  1.00  1.00
 112   0   49.00  -35.00      0.00  0.00E+00  0.00E+00  1  0.00  1.00  1.00  1.00
 113   0   51.00  -35.00      0.00  0.00E+00  0.00E+00  1  0.00  1.00  1.00  1.00
 114   0   55.00  -35.00      0.00  0.00E+00  0.00E+00  1  0.00  1.00  1.00  1.00
 115   0   60.00  -35.00      0.00  0.00E+00  0.00E+00  1  0.00  1.00  1.00  1.00
 116   0   67.00  -35.00      0.00  0.00E+00  0.00E+00  1  0.00  1.00  1.00  1.00
 117   0   75.00  -35.00      0.00  0.00E+00  0.00E+00  1  0.00  1.00  1.00  1.00
 118   0   85.00  -35.00      0.00  0.00E+00  0.00E+00  1  0.00  1.00  1.00  1.00
 119   0  100.00  -35.00      0.00  0.00E+00  0.00E+00  1  0.00  1.00  1.00  1.00
 120   0  120.00  -35.00      0.00  0.00E+00  0.00E+00  1  0.00  1.00  1.00  1.00
 121   0    0.00  -40.00      0.00  0.00E+00  0.00E+00  1  0.00  1.00  1.00  1.00
 122   0   10.00  -40.00      0.00  0.00E+00  0.00E+00  1  0.00  1.00  1.00  1.00
 123   0   20.00  -40.00      0.00  0.00E+00  0.00E+00  1  0.00  1.00  1.00  1.00
 124   0   30.00  -40.00      0.00  0.00E+00  0.00E+00  1  0.00  1.00  1.00  1.00
 125   0   40.00  -40.00      0.00  0.00E+00  0.00E+00  1  0.00  1.00  1.00  1.00
 126   0   45.00  -40.00      0.00  0.00E+00  0.00E+00  1  0.00  1.00  1.00  1.00
 127   0   49.00  -40.00      0.00  0.00E+00  0.00E+00  1  0.00  1.00  1.00  1.00
 128   0   51.00  -40.00      0.00  0.00E+00  0.00E+00  1  0.00  1.00  1.00  1.00
 129   0   55.00  -40.00      0.00  0.00E+00  0.00E+00  1  0.00  1.00  1.00  1.00
 130   0   60.00  -40.00      0.00  0.00E+00  0.00E+00  1  0.00  1.00  1.00  1.00
 131   0   67.00  -40.00      0.00  0.00E+00  0.00E+00  1  0.00  1.00  1.00  1.00
 132   0   75.00  -40.00      0.00  0.00E+00  0.00E+00  1  0.00  1.00  1.00  1.00
 133   0   85.00  -40.00      0.00  0.00E+00  0.00E+00  1  0.00  1.00  1.00  1.00
 134   0  100.00  -40.00      0.00  0.00E+00  0.00E+00  1  0.00  1.00  1.00  1.00
 135   0  120.00  -40.00      0.00  0.00E+00  0.00E+00  1  0.00  1.00  1.00  1.00
 136   0    0.00  -45.00      0.00  0.00E+00  0.00E+00  1  0.00  1.00  1.00  1.00
 137   0   10.00  -45.00      0.00  0.00E+00  0.00E+00  1  0.00  1.00  1.00  1.00
 138   0   20.00  -45.00      0.00  0.00E+00  0.00E+00  1  0.00  1.00  1.00  1.00
 139   0   30.00  -45.00      0.00  0.00E+00  0.00E+00  1  0.00  1.00  1.00  1.00
 140   0   40.00  -45.00      0.00  0.00E+00  0.00E+00  1  0.00  1.00  1.00  1.00
 141   0   45.00  -45.00      0.00  0.00E+00  0.00E+00  1  0.00  1.00  1.00  1.00
 142   0   49.00  -45.00      0.00  0.00E+00  0.00E+00  1  0.00  1.00  1.00  1.00
 143   0   51.00  -45.00      0.00  0.00E+00  0.00E+00  1  0.00  1.00  1.00  1.00
 144   0   55.00  -45.00      0.00  0.00E+00  0.00E+00  1  0.00  1.00  1.00  1.00
 145   0   60.00  -45.00      0.00  0.00E+00  0.00E+00  1  0.00  1.00  1.00  1.00
 146   0   67.00  -45.00      0.00  0.00E+00  0.00E+00  1  0.00  1.00  1.00  1.00
 147   0   75.00  -45.00      0.00  0.00E+00  0.00E+00  1  0.00  1.00  1.00  1.00
 148   0   85.00  -45.00      0.00  0.00E+00  0.00E+00  1  0.00  1.00  1.00  1.00
 149   0  100.00  -45.00      0.00  0.00E+00  0.00E+00  1  0.00  1.00  1.00  1.00
 150   0  120.00  -45.00      0.00  0.00E+00  0.00E+00  1  0.00  1.00  1.00  1.00
 151   0    0.00  -50.00      0.00  0.00E+00  0.00E+00  1  0.00  1.00  1.00  1.00
 152   0   10.00  -50.00      0.00  0.00E+00  0.00E+00  1  0.00  1.00  1.00  1.00
 153   0   20.00  -50.00      0.00  0.00E+00  0.00E+00  1  0.00  1.00  1.00  1.00
 154   0   30.00  -50.00      0.00  0.00E+00  0.00E+00  1  0.00  1.00  1.00  1.00
 155   0   40.00  -50.00      0.00  0.00E+00  0.00E+00  1  0.00  1.00  1.00  1.00
 156   0   45.00  -50.00      0.00  0.00E+00  0.00E+00  1  0.00  1.00  1.00  1.00
 157   0   49.00  -50.00      0.00  0.00E+00  0.00E+00  1  0.00  1.00  1.00  1.00
 158   0   51.00  -50.00      0.00  0.00E+00  0.00E+00  1  0.00  1.00  1.00  1.00
 159   0   55.00  -50.00      0.00  0.00E+00  0.00E+00  1  0.00  1.00  1.00  1.00
 160   0   60.00  -50.00      0.00  0.00E+00  0.00E+00  1  0.00  1.00  1.00  1.00
 161   0   67.00  -50.00      0.00  0.00E+00  0.00E+00  1  0.00  1.00  1.00  1.00
 162   0   75.00  -50.00      0.00  0.00E+00  0.00E+00  1  0.00  1.00  1.00  1.00
 163   0   85.00  -50.00      0.00  0.00E+00  0.00E+00  1  0.00  1.00  1.00  1.00
 164   0  100.00  -50.00      0.00  0.00E+00  0.00E+00  1  0.00  1.00  1.00  1.00
 165   0  120.00  -50.00      0.00  0.00E+00  0.00E+00  1  0.00  1.00  1.00  1.00
 166   0    0.00  -55.00      0.00  0.00E+00  0.00E+00  1  0.00  1.00  1.00  1.00
 167   0   10.00  -55.00      0.00  0.00E+00  0.00E+00  1  0.00  1.00  1.00  1.00
 168   0   20.00  -55.00      0.00  0.00E+00  0.00E+00  1  0.00  1.00  1.00  1.00
 169   0   30.00  -55.00      0.00  0.00E+00  0.00E+00  1  0.00  1.00  1.00  1.00
 170   0   40.00  -55.00      0.00  0.00E+00  0.00E+00  1  0.00  1.00  1.00  1.00
 171   0   45.00  -55.00      0.00  0.00E+00  0.00E+00  1  0.00  1.00  1.00  1.00
 172   0   49.00  -55.00      0.00  0.00E+00  0.00E+00  1  0.00  1.00  1.00  1.00
 173   0   51.00  -55.00      0.00  0.00E+00  0.00E+00  1  0.00  1.00  1.00  1.00
 174   0   55.00  -55.00      0.00  0.00E+00  0.00E+00  1  0.00  1.00  1.00  1.00
 175   0   60.00  -55.00      0.00  0.00E+00  0.00E+00  1  0.00  1.00  1.00  1.00
 176   0   67.00  -55.00      0.00  0.00E+00  0.00E+00  1  0.00  1.00  1.00  1.00
 177   0   75.00  -55.00      0.00  0.00E+00  0.00E+00  1  0.00  1.00  1.00  1.00
 178   0   85.00  -55.00      0.00  0.00E+00  0.00E+00  1  0.00  1.00  1.00  1.00
 179   0  100.00  -55.00      0.00  0.00E+00  0.00E+00  1  0.00  1.00  1.00  1.00
 180   0  120.00  -55.00      0.00  0.00E+00  0.00E+00  1  0.00  1.00  1.00  1.00
 181   0    0.00  -60.00      0.00  0.00E+00  0.00E+00  1  0.00  1.00  1.00  1.00
 182   0   10.00  -60.00      0.00  0.00E+00  0.00E+00  1  0.00  1.00  1.00  1.00
 183   0   20.00  -60.00      0.00  0.00E+00  0.00E+00  1  0.00  1.00  1.00  1.00
 184   0   30.00  -60.00      0.00  0.00E+00  0.00E+00  1  0.00  1.00  1.00  1.00
 185   0   40.00  -60.00      0.00  0.00E+00  0.00E+00  1  0.00  1.00  1.00  1.00
 186   0   45.00  -60.00      0.00  0.00E+00  0.00E+00  1  0.00  1.00  1.00  1.00
 187   0   49.00  -60.00      0.00  0.00E+00  0.00E+00  1  0.00  1.00  1.00  1.00
 188   0   51.00  -60.00      0.00  0.00E+00  0.00E+00  1  0.00  1.00  1.00  1.00
 189   0   55.00  -60.00      0.00  0.00E+00  0.00E+00  1  0.00  1.00  1.00  1.00
 190   0   60.00  -60.00      0.00  0.00E+00  0.00E+00  1  0.00  1.00  1.00  1.00
 191   0   67.00  -60.00      0.00  0.00E+00  0.00E+00  1  0.00  1.00  1.00  1.00
 192   0   75.00  -60.00      0.00  0.00E+00  0.00E+00  1  0.00  1.00  1.00  1.00
 193   0   85.00  -60.00      0.00  0.00E+00  0.00E+00  1  0.00  1.00  1.00  1.00
 194   0  100.00  -60.00      0.00  0.00E+00  0.00E+00  1  0.00  1.00  1.00  1.00
 195   0  120.00  -60.00      0.00  0.00E+00  0.00E+00  1  0.00  1.00  1.00  1.00
 196   0    0.00  -70.00      0.00  0.00E+00  0.00E+00  1  0.00  1.00  1.00  1.00
 197   0   10.00  -70.00      0.00  0.00E+00  0.00E+00  1  0.00  1.00  1.00  1.00
 198   0   20.00  -70.00      0.00  0.00E+00  0.00E+00  1  0.00  1.00  1.00  1.00
 199   0   30.00  -70.00      0.00  0.00E+00  0.00E+00  1  0.00  1.00  1.00  1.00
 200   0   40.00  -70.00      0.00  0.00E+00  0.00E+00  1  0.00  1.00  1.00  1.00
 201   0   45.00  -70.00      0.00  0.00E+00  0.00E+00  1  0.00  1.00  1.00  1.00
 202   0   49.00  -70.00      0.00  0.00E+00  0.00E+00  1  0.00  1.00  1.00  1.00
 203   0   51.00  -70.00      0.00  0.00E+00  0.00E+00  1  0.00  1.00  1.00  1.00
 204   0   55.00  -70.00      0.00  0.00E+00  0.00E+00  1  0.00  1.00  1.00  1.00
 205   0   60.00  -70.00      0.00  0.00E+00  0.00E+00  1  0.00  1.00  1.00  1.00
 206   0   67.00  -70.00      0.00  0.00E+00  0.00E+00  1  0.00  1.00  1.00  1.00
 207   0   75.00  -70.00      0.00  0.00E+00  0.00E+00  1  0.00  1.00  1.00  1.00
 208   0   85.00  -70.00      0.00  0.00E+00  0.00E+00  1  0.00  1.00  1.00  1.00
 209   0  100.00  -70.00      0.00  0.00E+00  0.00E+00  1  0.00  1.00  1.00  1.00
 210   0  120.00  -70.00      0.00  0.00E+00  0.00E+00  1  0.00  1.00  1.00  1.00
 211   0    0.00  -80.00      0.00  0.00E+00  0.00E+00  1  0.00  1.00  1.00  1.00
 212   0   10.00  -80.00      0.00  0.00E+00  0.00E+00  1  0.00  1.00  1.00  1.00
 213   0   20.00  -80.00      0.00  0.00E+00  0.00E+00  1  0.00  1.00  1.00  1.00
 214   0   30.00  -80.00      0.00  0.00E+00  0.00E+00  1  0.00  1.00  1.00  1.00
 215   0   40.00  -80.00      0.00  0.00E+00  0.00E+00  1  0.00  1.00  1.00  1.00
 216   0   45.00  -80.00      0.00  0.00E+00  0.00E+00  1  0.00  1.00  1.00  1.00
 217   0   49.00  -80.00      0.00  0.00E+00  0.00E+00  1  0.00  1.00  1.00  1.00
 218   0   51.00  -80.00      0.00  0.00E+00  0.00E+00  1  0.00  1.00  1.00  1.00
 219   0   55.00  -80.00      0.00  0.00E+00  0.00E+00  1  0.00  1.00  1.00  1.00
 220   0   60.00  -80.00      0.00  0.00E+00  0.00E+00  1  0.00  1.00  1.00  1.00
 221   0   67.00  -80.00      0.00  0.00E+00  0.00E+00  1  0.00  1.00  1.00  1.00
 222   0   75.00  -80.00      0.00  0.00E+00  0.00E+00  1  0.00  1.00  1.00  1.00
 223   0   85.00  -80.00      0.00  0.00E+00  0.00E+00  1  0.00  1.00  1.00  1.00
 224   0  100.00  -80.00      0.00  0.00E+00  0.00E+00  1  0.00  1.00  1.00  1.00
 225   0  120.00  -80.00      0.00  0.00E+00  0.00E+00  1  0.00  1.00  1.00  1.00
 226   0    0.00  -90.00      0.00  0.00E+00  0.00E+00  1  0.00  1.00  1.00  1.00
 227   0   10.00  -90.00      0.00  0.00E+00  0.00E+00  1  0.00  1.00  1.00  1.00
 228   0   20.00  -90.00      0.00  0.00E+00  0.00E+00  1  0.00  1.00  1.00  1.00
 229   0   30.00  -90.00      0.00  0.00E+00  0.00E+00  1  0.00  1.00  1.00  1.00
 230   0   40.00  -90.00      0.00  0.00E+00  0.00E+00  1  0.00  1.00  1.00  1.00
 231   0   45.00  -90.00      0.00  0.00E+00  0.00E+00  1  0.00  1.00  1.00  1.00
 232   0   49.00  -90.00      0.00  0.00E+00  0.00E+00  1  0.00  1.00  1.00  1.00
 233   0   51.00  -90.00      0.00  0.00E+00  0.00E+00  1  0.00  1.00  1.00  1.00
 234   0   55.00  -90.00      0.00  0.00E+00  0.00E+00  1  0.00  1.00  1.00  1.00
 235   0   60.00  -90.00      0.00  0.00E+00  0.00E+00  1  0.00  1.00  1.00  1.00
 236   0   67.00  -90.00      0.00  0.00E+00  0.00E+00  1  0.00  1.00  1.00  1.00
 237   0   75.00  -90.00      0.00  0.00E+00  0.00E+00  1  0.00  1.00  1.00  1.00
 238   0   85.00  -90.00      0.00  0.00E+00  0.00E+00  1  0.00  1.00  1.00  1.00
 239   0  100.00  -90.00      0.00  0.00E+00  0.00E+00  1  0.00  1.00  1.00  1.00
 240   0  120.00  -90.00      0.00  0.00E+00  0.00E+00  1  0.00  1.00  1.00  1.00
 241   0    0.00 -100.00      0.00  0.00E+00  0.00E+00  1  0.00  1.00  1.00  1.00
 242   0   10.00 -100.00      0.00  0.00E+00  0.00E+00  1  0.00  1.00  1.00  1.00
 243   0   20.00 -100.00      0.00  0.00E+00  0.00E+00  1  0.00  1.00  1.00  1.00
 244   0   30.00 -100.00      0.00  0.00E+00  0.00E+00  1  0.00  1.00  1.00  1.00
 245   0   40.00 -100.00      0.00  0.00E+00  0.00E+00  1  0.00  1.00  1.00  1.00
 246   0   45.00 -100.00      0.00  0.00E+00  0.00E+00  1  0.00  1.00  1.00  1.00
 247   0   49.00 -100.00      0.00  0.00E+00  0.00E+00  1  0.00  1.00  1.00  1.00
 248   0   51.00 -100.00      0.00  0.00E+00  0.00E+00  1  0.00  1.00  1.00  1.00
 249   0   55.00 -100.00      0.00  0.00E+00  0.00E+00  1  0.00  1.00  1.00  1.00
 250   0   60.00 -100.00      0.00  0.00E+00  0.00E+00  1  0.00  1.00  1.00  1.00
 251   0   67.00 -100.00      0.00  0.00E+00  0.00E+00  1  0.00  1.00  1.00  1.00
 252   0   75.00 -100.00      0.00  0.00E+00  0.00E+00  1  0.00  1.00  1.00  1.00
 253   0   85.00 -100.00      0.00  0.00E+00  0.00E+00  1  0.00  1.00  1.00  1.00
 254   0  100.00 -100.00      0.00  0.00E+00  0.00E+00  1  0.00  1.00  1.00  1.00
 255   0  120.00 -100.00      0.00  0.00E+00  0.00E+00  1  0.00  1.00  1.00  1.00
 256   0    0.00 -125.00      0.00  0.00E+00  0.00E+00  1  0.00  1.00  1.00  1.00
 257   0   10.00 -125.00      0.00  0.00E+00  0.00E+00  1  0.00  1.00  1.00  1.00
 258   0   20.00 -125.00      0.00  0.00E+00  0.00E+00  1  0.00  1.00  1.00  1.00
 259   0   30.00 -125.00      0.00  0.00E+00  0.00E+00  1  0.00  1.00  1.00  1.00
 260   0   40.00 -125.00      0.00  0.00E+00  0.00E+00  1  0.00  1.00  1.00  1.00
 261   0   45.00 -125.00      0.00  0.00E+00  0.00E+00  1  0.00  1.00  1.00  1.00
 262   0   49.00 -125.00      0.00  0.00E+00  0.00E+00  1  0.00  1.00  1.00  1.00
 263   0   51.00 -125.00      0.00  0.00E+00  0.00E+00  1  0.00  1.00  1.00  1.00
 264   0   55.00 -125.00      0.00  0.00E+00  0.00E+00  1  0.00  1.00  1.00  1.00
 265   0   60.00 -125.00      0.00  0.00E+00  0.00E+00  1  0.00  1.00  1.00  1.00
 266   0   67.00 -125.00      0.00  0.00E+00  0.00E+00  1  0.00  1.00  1.00  1.00
 267   0   75.00 -125.00      0.00  0.00E+00  0.00E+00  1  0.00  1.00  1.00  1.00
 268   0   85.00 -125.00      0.00  0.00E+00  0.00E+00  1  0.00  1.00  1.00  1.00
 269   0  100.00 -125.00      0.00  0.00E+00  0.00E+00  1  0.00  1.00  1.00  1.00
 270   0  120.00 -125.00      0.00  0.00E+00  0.00E+00  1  0.00  1.00  1.00  1.00
 271   0    0.00 -150.00      0.00  0.00E+00  0.00E+00  1  0.00  1.00  1.00  1.00
 272   0   10.00 -150.00      0.00  0.00E+00  0.00E+00  1  0.00  1.00  1.00  1.00
 273   0   20.00 -150.00      0.00  0.00E+00  0.00E+00  1  0.00  1.00  1.00  1.00
 274   0   30.00 -150.00      0.00  0.00E+00  0.00E+00  1  0.00  1.00  1.00  1.00
 275   0   40.00 -150.00      0.00  0.00E+00  0.00E+00  1  0.00  1.00  1.00  1.00
 276   0   45.00 -150.00      0.00  0.00E+00  0.00E+00  1  0.00  1.00  1.00  1.00
 277   0   49.00 -150.00      0.00  0.00E+00  0.00E+00  1  0.00  1.00  1.00  1.00
 278   0   51.00 -150.00      0.00  0.00E+00  0.00E+00  1  0.00  1.00  1.00  1.00
 279   0   55.00 -150.00      0.00  0.00E+00  0.00E+00  1  0.00  1.00  1.00  1.00
 280   0   60.00 -150.00      0.00  0.00E+00  0.00E+00  1  0.00  1.00  1.00  1.00
 281   0   67.00 -150.00      0.00  0.00E+00  0.00E+00  1  0.00  1.00  1.00  1.00
 282   0   75.00 -150.00      0.00  0.00E+00  0.00E+00  1  0.00  1.00  1.00  1.00
 283   0   85.00 -150.00      0.00  0.00E+00  0.00E+00  1  0.00  1.00  1.00  1.00
 284   0  100.00 -150.00      0.00  0.00E+00  0.00E+00  1  0.00  1.00  1.00  1.00
 285   0  120.00 -150.00      0.00  0.00E+00  0.00E+00  1  0.00  1.00  1.00  1.00
 286   0    0.00 -175.00      0.00  0.00E+00  0.00E+00  1  0.00  1.00  1.00  1.00
 287   0   10.00 -175.00      0.00  0.00E+00  0.00E+00  1  0.00  1.00  1.00  1.00
 288   0   20.00 -175.00      0.00  0.00E+00  0.00E+00  1  0.00  1.00  1.00  1.00
 289   0   30.00 -175.00      0.00  0.00E+00  0.00E+00  1  0.00  1.00  1.00  1.00
 290   0   40.00 -175.00      0.00  0.00E+00  0.00E+00  1  0.00  1.00  1.00  1.00
 291   0   45.00 -175.00      0.00  0.00E+00  0.00E+00  1  0.00  1.00  1.00  1.00
 292   0   49.00 -175.00      0.00  0.00E+00  0.00E+00  1  0.00  1.00  1.00  1.00
 293   0   51.00 -175.00      0.00  0.00E+00  0.00E+00  1  0.00  1.00  1.00  1.00
 294   0   55.00 -175.00      0.00  0.00E+00  0.00E+00  1  0.00  1.00  1.00  1.00
 295   0   60.00 -175.00      0.00  0.00E+00  0.00E+00  1  0.00  1.00  1.00  1.00
 296   0   67.00 -175.00      0.00  0.00E+00  0.00E+00  1  0.00  1.00  1.00  1.00
 297   0   75.00 -175.00      0.00  0.00E+00  0.00E+00  1  0.00  1.00  1.00  1.00
 298   0   85.00 -175.00      0.00  0.00E+00  0.00E+00  1  0.00  1.00  1.00  1.00
 299   0  100.00 -175.00      0.00  0.00E+00  0.00E+00  1  0.00  1.00  1.00  1.00
 300   0  120.00 -175.00      0.00  0.00E+00  0.00E+00  1  0.00  1.00  1.00  1.00
 301   2    0.00 -200.00      0.00  0.00E+00  0.00E+00  1  0.00  1.00  1.00  1.00
 302   2   10.00 -200.00      0.00  0.00E+00  0.00E+00  1  0.00  1.00  1.00  1.00
 303   2   20.00 -200.00      0.00  0.00E+00  0.00E+00  1  0.00  1.00  1.00  1.00
 304   2   30.00 -200.00      0.00  0.00E+00  0.00E+00  1  0.00  1.00  1.00  1.00
 305   2   40.00 -200.00      0.00  0.00E+00  0.00E+00  1  0.00  1.00  1.00  1.00
 306   2   45.00 -200.00      0.00  0.00E+00  0.00E+00  1  0.00  1.00  1.00  1.00
 307   2   49.00 -200.00      0.00  0.00E+00  0.00E+00  1  0.00  1.00  1.00  1.00
 308   2   51.00 -200.00      0.00  0.00E+00  0.00E+00  1  0.00  1.00  1.00  1.00
 309   2   55.00 -200.00      0.00  0.00E+00  0.00E+00  1  0.00  1.00  1.00  1.00
 310   2   60.00 -200.00      0.00  0.00E+00  0.00E+00  1  0.00  1.00  1.00  1.00
 311   2   67.00 -200.00      0.00  0.00E+00  0.00E+00  1  0.00  1.00  1.00  1.00
 312   2   75.00 -200.00      0.00  0.00E+00  0.00E+00  1  0.00  1.00  1.00  1.00
 313   2   85.00 -200.00      0.00  0.00E+00  0.00E+00  1  0.00  1.00  1.00  1.00
 314   2  100.00 -200.00      0.00  0.00E+00  0.00E+00  1  0.00  1.00  1.00  1.00
 315   2  120.00 -200.00      0.00  0.00E+00  0.00E+00  1  0.00  1.00  1.00  1.00
*** BLOCK I: ELEMENT INFORMATION ************************************************
   e   i   j   k   l   Angle  Aniz1  Aniz2  LayNum
   1   1  16  17   2   0.00   1.00   1.00   1
   2   2  17  18   3   0.00   1.00   1.00   1
   3   3  18  19   4   0.00   1.00   1.00   1
   4   4  19  20   5   0.00   1.00   1.00   1
   5   5  20  21   6   0.00   1.00   1.00   1
   6   6  21  22   7   0.00   1.00   1.00   1
   7   7  22  23   8   0.00   1.00   1.00   1
   8   8  23  24   9   0.00   1.00   1.00   1
   9   9  24  25  10   0.00   1.00   1.00   1
  10  10  25  26  11   0.00   1.00   1.00   1
  11  11  26  27  12   0.00   1.00   1.00   1
  12  12  27  28  13   0.00   1.00   1.00   1
  13  13  28  29  14   0.00   1.00   1.00   1
  14  14  29  30  15   0.00   1.00   1.00   1
  15  16  31  32  17   0.00   1.00   1.00   1
  16  17  32  33  18   0.00   1.00   1.00   1
  17  18  33  34  19   0.00   1.00   1.00   1
  18  19  34  35  20   0.00   1.00   1.00   1
  19  20  35  36  21   0.00   1.00   1.00   1
  20  21  36  37  22   0.00   1.00   1.00   1
  21  22  37  38  23   0.00   1.00   1.00   1
  22  23  38  39  24   0.00   1.00   1.00   1
  23  24  39  40  25   0.00   1.00   1.00   1
  24  25  40  41  26   0.00   1.00   1.00   1
  25  26  41  42  27   0.00   1.00   1.00   1
  26  27  42  43  28   0.00   1.00   1.00   1
  27  28  43  44  29   0.00   1.00   1.00   1
  28  29  44  45  30   0.00   1.00   1.00   1
  29  31  46  47  32   0.00   1.00   1.00   1
  30  32  47  48  33   0.00   1.00   1.00   1
  31  33  48  49  34   0.00   1.00   1.00   1
  32  34  49  50  35   0.00   1.00   1.00   1
  33  35  50  51  36   0.00   1.00   1.00   1
  34  36  51  52  37   0.00   1.00   1.00   1
  35  37  52  53  38   0.00   1.00   1.00   1
  36  38  53  54  39   0.00   1.00   1.00   1
  37  39  54  55  40   0.00   1.00   1.00   1
  38  40  55  56  41   0.00   1.00   1.00   1
  39  41  56  57  42   0.00   1.00   1.00   1
  40  42  57  58  43   0.00   1.00   1.00   1
  41  43  58  59  44   0.00   1.00   1.00   1
  42  44  59  60  45   0.00   1.00   1.00   1
  43  46  61  62  47   0.00   1.00   1.00   1
  44  47  62  63  48   0.00   1.00   1.00   1
  45  48  63  64  49   0.00   1.00   1.00   1
  46  49  64  65  50   0.00   1.00   1.00   1
  47  50  65  66  51   0.00   1.00   1.00   1
  48  51  66  67  52   0.00   1.00   1.00   1
  49  52  67  68  53   0.00   1.00   1.00   1
  50  53  68  69  54   0.00   1.00   1.00   1
  51  54  69  70  55   0.00   1.00   1.00   1
  52  55  70  71  56   0.00   1.00   1.00   1
  53  56  71  72  57   0.00   1.00   1.00   1
  54  57  72  73  58   0.00   1.00   1.00   1
  55  58  73  74  59   0.00   1.00   1.00   1
  56  59  74  75  60   0.00   1.00   1.00   1
  57  61  76  77  62   0.00   1.00   1.00   1
  58  62  77  78  63   0.00   1.00   1.00   1
  59  63  78  79  64   0.00   1.00   1.00   1
  60  64  79  80  65   0.00   1.00   1.00   1
  61  65  80  81  66   0.00   1.00   1.00   1
  62  66  81  82  67   0.00   1.00   1.00   1
  63  67  82  83  68   0.00   1.00   1.00   1
  64  68  83  84  69   0.00   1.00   1.00   1
  65  69  84  85  70   0.00   1.00   1.00   1
  66  70  85  86  71   0.00   1.00   1.00   1
  67  71  86  87  72   0.00   1.00   1.00   1
  68  72  87  88  73   0.00   1.00   1.00   1
  69  73  88  89  74   0.00   1.00   1.00   1
  70  74  89  90  75   0.00   1.00   1.00   1
  71  76  91  92  77   0.00   1.00   1.00   1
  72  77  92  93  78   0.00   1.00   1.00   1
  73  78  93  94  79   0.00   1.00   1.00   1
  74  79  94  95  80   0.00   1.00   1.00   1
  75  80  95  96  81   0.00   1.00   1.00   1
  76  81  96  97  82   0.00   1.00   1.00   1
  77  82  97  98  83   0.00   1.00   1.00   1
  78  83  98  99  84   0.00   1.00   1.00   1
  79  84  99 100  85   0.00   1.00   1.00   1
  80  85 100 101  86   0.00   1.00   1.00   1
  81  86 101 102  87   0.00   1.00   1.00   1
  82  87 102 103  88   0.00   1.00   1.00   1
  83  88 103 104  89   0.00   1.00   1.00   1
  84  89 104 105  90   0.00   1.00   1.00   1
  85  91 106 107  92   0.00   1.00   1.00   1
  86  92 107 108  93   0.00   1.00   1.00   1
  87  93 108 109  94   0.00   1.00   1.00   1
  88  94 109 110  95   0.00   1.00   1.00   1
  89  95 110 111  96   0.00   1.00   1.00   1
  90  96 111 112  97   0.00   1.00   1.00   1
  91  97 112 113  98   0.00   1.00   1.00   1
  92  98 113 114  99   0.00   1.00   1.00   1
  93  99 114 115 100   0.00   1.00   1.00   1
  94 100 115 116 101   0.00   1.00   1.00   1
  95 101 116 117 102   0.00   1.00   1.00   1
  96 102 117 118 103   0.00   1.00   1.00   1
  97 103 118 119 104   0.00   1.00   1.00   1
  98 104 119 120 105   0.00   1.00   1.00   1
  99 106 121 122 107   0.00   1.00   1.00   1
 100 107 122 123 108   0.00   1.00   1.00   1
 101 108 123 124 109   0.00   1.00   1.00   1
 102 109 124 125 110   0.00   1.00   1.00   1
 103 110 125 126 111   0.00   1.00   1.00   1
 104 111 126 127 112   0.00   1.00   1.00   1
 105 112 127 128 113   0.00   1.00   1.00   1
 106 113 128 129 114   0.00   1.00   1.00   1
 107 114 129 130 115   0.00   1.00   1.00   1
 108 115 130 131 116   0.00   1.00   1.00   1
 109 116 131 132 117   0.00   1.00   1.00   1
 110 117 132 133 118   0.00   1.00   1.00   1
 111 118 133 134 119   0.00   1.00   1.00   1
 112 119 134 135 120   0.00   1.00   1.00   1
 113 121 136 137 122   0.00   1.00   1.00   1
 114 122 137 138 123   0.00   1.00   1.00   1
 115 123 138 139 124   0.00   1.00   1.00   1
 116 124 139 140 125   0.00   1.00   1.00   1
 117 125 140 141 126   0.00   1.00   1.00   1
 118 126 141 142 127   0.00   1.00   1.00   1
 119 127 142 143 128   0.00   1.00   1.00   1
 120 128 143 144 129   0.00   1.00   1.00   1
 121 129 144 145 130   0.00   1.00   1.00   1
 122 130 145 146 131   0.00   1.00   1.00   1
 123 131 146 147 132   0.00   1.00   1.00   1
 124 132 147 148 133   0.00   1.00   1.00   1
 125 133 148 149 134   0.00   1.00   1.00   1
 126 134 149 150 135   0.00   1.00   1.00   1
 127 136 151 152 137   0.00   1.00   1.00   1
 128 137 152 153 138   0.00   1.00   1.00   1
 129 138 153 154 139   0.00   1.00   1.00   1
 130 139 154 155 140   0.00   1.00   1.00   1
 131 140 155 156 141   0.00   1.00   1.00   1
 132 141 156 157 142   0.00   1.00   1.00   1
 133 142 157 158 143   0.00   1.00   1.00   1
 134 143 158 159 144   0.00   1.00   1.00   1
 135 144 159 160 145   0.00   1.00   1.00   1
 136 145 160 161 146   0.00   1.00   1.00   1
 137 146 161 162 147   0.00   1.00   1.00   1
 138 147 162 163 148   0.00   1.00   1.00   1
 139 148 163 164 149   0.00   1.00   1.00   1
 140 149 164 165 150   0.00   1.00   1.00   1
 141 151 166 167 152   0.00   1.00   1.00   1
 142 152 167 168 153   0.00   1.00   1.00   1
 143 153 168 169 154   0.00   1.00   1.00   1
 144 154 169 170 155   0.00   1.00   1.00   1
 145 155 170 171 156   0.00   1.00   1.00   1
 146 156 171 172 157   0.00   1.00   1.00   1
 147 157 172 173 158   0.00   1.00   1.00   1
 148 158 173 174 159   0.00   1.00   1.00   1
 149 159 174 175 160   0.00   1.00   1.00   1
 150 160 175 176 161   0.00   1.00   1.00   1
 151 161 176 177 162   0.00   1.00   1.00   1
 152 162 177 178 163   0.00   1.00   1.00   1
 153 163 178 179 164   0.00   1.00   1.00   1
 154 164 179 180 165   0.00   1.00   1.00   1
 155 166 181 182 167   0.00   1.00   1.00   1
 156 167 182 183 168   0.00   1.00   1.00   1
 157 168 183 184 169   0.00   1.00   1.00   1
 158 169 184 185 170   0.00   1.00   1.00   1
 159 170 185 186 171   0.00   1.00   1.00   1
 160 171 186 187 172   0.00   1.00   1.00   1
 161 172 187 188 173   0.00   1.00   1.00   1
 162 173 188 189 174   0.00   1.00   1.00   1
 163 174 189 190 175   0.00   1.00   1.00   1
 164 175 190 191 176   0.00   1.00   1.00   1
 165 176 191 192 177   0.00   1.00   1.00   1
 166 177 192 193 178   0.00   1.00   1.00   1
 167 178 193 194 179   0.00   1.00   1.00   1
 168 179 194 195 180   0.00   1.00   1.00   1
 169 181 196 197 182   0.00   1.00   1.00   1
 170 182 197 198 183   0.00   1.00   1.00   1
 171 183 198 199 184   0.00   1.00   1.00   1
 172 184 199 200 185   0.00   1.00   1.00   1
 173 185 200 201 186   0.00   1.00   1.00   1
 174 186 201 202 187   0.00   1.00   1.00   1
 175 187 202 203 188   0.00   1.00   1.00   1
 176 188 203 204 189   0.00   1.00   1.00   1
 177 189 204 205 190   0.00   1.00   1.00   1
 178 190 205 206 191   0.00   1.00   1.00   1
 179 191 206 207 192   0.00   1.00   1.00   1
 180 192 207 208 193   0.00   1.00   1.00   1
 181 193 208 209 194   0.00   1.00   1.00   1
 182 194 209 210 195   0.00   1.00   1.00   1
 183 196 211 212 197   0.00   1.00   1.00   1
 184 197 212 213 198   0.00   1.00   1.00   1
 185 198 213 214 199   0.00   1.00   1.00   1
 186 199 214 215 200   0.00   1.00   1.00   1
 187 200 215 216 201   0.00   1.00   1.00   1
 188 201 216 217 202   0.00   1.00   1.00   1
 189 202 217 218 203   0.00   1.00   1.00   1
 190 203 218 219 204   0.00   1.00   1.00   1
 191 204 219 220 205   0.00   1.00   1.00   1
 192 205 220 221 206   0.00   1.00   1.00   1
 193 206 221 222 207   0.00   1.00   1.00   1
 194 207 222 223 208   0.00   1.00   1.00   1
 195 208 223 224 209   0.00   1.00   1.00   1
 196 209 224 225 210   0.00   1.00   1.00   1
 197 211 226 227 212   0.00   1.00   1.00   1
 198 212 227 228 213   0.00   1.00   1.00   1
 199 213 228 229 214   0.00   1.00   1.00   1
 200 214 229 230 215   0.00   1.00   1.00   1
 201 215 230 231 216   0.00   1.00   1.00   1
 202 216 231 232 217   0.00   1.00   1.00   1
 203 217 232 233 218   0.00   1.00   1.00   1
 204 218 233 234 219   0.00   1.00   1.00   1
 205 219 234 235 220   0.00   1.00   1.00   1
 206 220 235 236 221   0.00   1.00   1.00   1
 207 221 236 237 222   0.00   1.00   1.00   1
 208 222 237 238 223   0.00   1.00   1.00   1
 209 223 238 239 224   0.00   1.00   1.00   1
 210 224 239 240 225   0.00   1.00   1.00   1
 211 226 241 242 227   0.00   1.00   1.00   1
 212 227 242 243 228   0.00   1.00   1.00   1
 213 228 243 244 229   0.00   1.00   1.00   1
 214 229 244 245 230   0.00   1.00   1.00   1
 215 230 245 246 231   0.00   1.00   1.00   1
 216 231 246 247 232   0.00   1.00   1.00   1
 217 232 247 248 233   0.00   1.00   1.00   1
 218 233 248 249 234   0.00   1.00   1.00   1
 219 234 249 250 235   0.00   1.00   1.00   1
 220 235 250 251 236   0.00   1.00   1.00   1
 221 236 251 252 237   0.00   1.00   1.00   1
 222 237 252 253 238   0.00   1.00   1.00   1
 223 238 253 254 239   0.00   1.00   1.00   1
 224 239 254 255 240   0.00   1.00   1.00   1
 225 241 256 257 242   0.00   1.00   1.00   1
 226 242 257 258 243   0.00   1.00   1.00   1
 227 243 258 259 244   0.00   1.00   1.00   1
 228 244 259 260 245   0.00   1.00   1.00   1
 229 245 260 261 246   0.00   1.00   1.00   1
 230 246 261 262 247   0.00   1.00   1.00   1
 231 247 262 263 248   0.00   1.00   1.00   1
 232 248 263 264 249   0.00   1.00   1.00   1
 233 249 264 265 250   0.00   1.00   1.00   1
 234 250 265 266 251   0.00   1.00   1.00   1
 235 251 266 267 252   0.00   1.00   1.00   1
 236 252 267 268 253   0.00   1.00   1.00   1
 237 253 268 269 254   0.00   1.00   1.00   1
 238 254 269 270 255   0.00   1.00   1.00   1
 239 256 271 272 257   0.00   1.00   1.00   1
 240 257 272 273 258   0.00   1.00   1.00   1
 241 258 273 274 259   0.00   1.00   1.00   1
 242 259 274 275 260   0.00   1.00   1.00   1
 243 260 275 276 261   0.00   1.00   1.00   1
 244 261 276 277 262   0.00   1.00   1.00   1
 245 262 277 278 263   0.00   1.00   1.00   1
 246 263 278 279 264   0.00   1.00   1.00   1
 247 264 279 280 265   0.00   1.00   1.00   1
 248 265 280 281 266   0.00   1.00   1.00   1
 249 266 281 282 267   0.00   1.00   1.00   1
 250 267 282 283 268   0.00   1.00   1.00   1
 251 268 283 284 269   0.00   1.00   1.00   1
 252 269 284 285 270   0.00   1.00   1.00   1
 253 271 286 287 272   0.00   1.00   1.00   1
 254 272 287 288 273   0.00   1.00   1.00   1
 255 273 288 289 274   0.00   1.00   1.00   1
 256 274 289 290 275   0.00   1.00   1.00   1
 257 275 290 291 276   0.00   1.00   1.00   1
 258 276 291 292 277   0.00   1.00   1.00   1
 259 277 292 293 278   0.00   1.00   1.00   1
 260 278 293 294 279   0.00   1.00   1.00   1
 261 279 294 295 280   0.00   1.00   1.00   1
 262 280 295 296 281   0.00   1.00   1.00   1
 263 281 296 297 282   0.00   1.00   1.00   1
 264 282 297 298 283   0.00   1.00   1.00   1
 265 283 298 299 284   0.00   1.00   1.00   1
 266 284 299 300 285   0.00   1.00   1.00   1
 267 286 301 302 287   0.00   1.00   1.00   1
 268 287 302 303 288   0.00   1.00   1.00   1
 269 288 303 304 289   0.00   1.00   1.00   1
 270 289 304 305 290   0.00   1.00   1.00   1
 271 290 305 306 291   0.00   1.00   1.00   1
 272 291 306 307 292   0.00   1.00   1.00   1
 273 292 307 308 293   0.00   1.00   1.00   1
 274 293 308 309 294   0.00   1.00   1.00   1
 275 294 309 310 295   0.00   1.00   1.00   1
 276 295 310 311 296   0.00   1.00   1.00   1
 277 296 311 312 297   0.00   1.00   1.00   1
 278 297 312 313 298   0.00   1.00   1.00   1
 279 298 313 314 299   0.00   1.00   1.00   1
 280 299 314 315 300   0.00   1.00   1.00   1
*** BLOCK J: BOUNDARY GEOMETRY INFORMATION **************************************
 Node number array:
         1         2         3         4         5         6         7
         8         9        10        11        12        13        14
        15       301       302       303       304       305       306
       307       308       309       310       311       312       313
       314       315
 Width array:
      5.00     10.00     10.00     10.00      7.50      4.50      3.00
      3.00      4.50      6.00      7.50      9.00     12.50     17.50
     10.00      5.00     10.00     10.00     10.00      7.50      4.50
      3.00      3.00      4.50      6.00      7.50      9.00     12.50
     17.50     10.00
 Length:
      0.00
*** END OF INPUT FILE 'GRID.IN' *************************************************