*** BLOCK H: NODAL INFORMATION ******************************************************************************
   NumNP   NumEl      IJ   NumBP    NObs
     224      55       4       8       0
    n Code       x         y         z          h        Conc         Q        M    B    Axz   Bxz   Dxz
    1    1       .00       .00     61.00   .7500E+00   .0000E+00   .0000E+00   1   .00  1.00  1.00  1.00
    2    1      1.00       .00     61.00   .7500E+00   .0000E+00   .0000E+00   1   .00  1.00  1.00  1.00
    3    1       .00      1.00     61.00   .7500E+00   .0000E+00   .0000E+00   1   .00  1.00  1.00  1.00
    4    1      1.00      1.00     61.00   .7500E+00   .0000E+00   .0000E+00   1   .00  1.00  1.00  1.00
    5    0       .00       .00     60.75  -.1500E+03   .0000E+00   .0000E+00   1   .00  1.00  1.00  1.00
    6    0      1.00       .00     60.75  -.1500E+03   .0000E+00   .0000E+00   1   .00  1.00  1.00  1.00
    7    0       .00      1.00     60.75  -.1500E+03   .0000E+00   .0000E+00   1   .00  1.00  1.00  1.00
    8    0      1.00      1.00     60.75  -.1500E+03   .0000E+00   .0000E+00   1   .00  1.00  1.00  1.00
    9    0       .00       .00     60.50  -.1500E+03   .0000E+00   .0000E+00   1   .00  1.00  1.00  1.00
   10    0      1.00       .00     60.50  -.1500E+03   .0000E+00   .0000E+00   1   .00  1.00  1.00  1.00
   11    0       .00      1.00     60.50  -.1500E+03   .0000E+00   .0000E+00   1   .00  1.00  1.00  1.00
   12    0      1.00      1.00     60.50  -.1500E+03   .0000E+00   .0000E+00   1   .00  1.00  1.00  1.00
   13    0       .00       .00     60.25  -.1500E+03   .0000E+00   .0000E+00   1   .00  1.00  1.00  1.00
   14    0      1.00       .00     60.25  -.1500E+03   .0000E+00   .0000E+00   1   .00  1.00  1.00  1.00
   15    0       .00      1.00     60.25  -.1500E+03   .0000E+00   .0000E+00   1   .00  1.00  1.00  1.00
   16    0      1.00      1.00     60.25  -.1500E+03   .0000E+00   .0000E+00   1   .00  1.00  1.00  1.00
   17    0       .00       .00     60.00  -.1500E+03   .0000E+00   .0000E+00   1   .00  1.00  1.00  1.00
   18    0      1.00       .00     60.00  -.1500E+03   .0000E+00   .0000E+00   1   .00  1.00  1.00  1.00
   19    0       .00      1.00     60.00  -.1500E+03   .0000E+00   .0000E+00   1   .00  1.00  1.00  1.00
   20    0      1.00      1.00     60.00  -.1500E+03   .0000E+00   .0000E+00   1   .00  1.00  1.00  1.00
   21    0       .00       .00     59.50  -.1500E+03   .0000E+00   .0000E+00   1   .00  1.00  1.00  1.00
   22    0      1.00       .00     59.50  -.1500E+03   .0000E+00   .0000E+00   1   .00  1.00  1.00  1.00
   23    0       .00      1.00     59.50  -.1500E+03   .0000E+00   .0000E+00   1   .00  1.00  1.00  1.00
   24    0      1.00      1.00     59.50  -.1500E+03   .0000E+00   .0000E+00   1   .00  1.00  1.00  1.00
   25    0       .00       .00     59.00  -.1500E+03   .0000E+00   .0000E+00   1   .00  1.00  1.00  1.00
   26    0      1.00       .00     59.00  -.1500E+03   .0000E+00   .0000E+00   1   .00  1.00  1.00  1.00
   27    0       .00      1.00     59.00  -.1500E+03   .0000E+00   .0000E+00   1   .00  1.00  1.00  1.00
   28    0      1.00      1.00     59.00  -.1500E+03   .0000E+00   .0000E+00   1   .00  1.00  1.00  1.00
   29    0       .00       .00     58.00  -.1500E+03   .0000E+00   .0000E+00   1   .00  1.00  1.00  1.00
   30    0      1.00       .00     58.00  -.1500E+03   .0000E+00   .0000E+00   1   .00  1.00  1.00  1.00
   31    0       .00      1.00     58.00  -.1500E+03   .0000E+00   .0000E+00   1   .00  1.00  1.00  1.00
   32    0      1.00      1.00     58.00  -.1500E+03   .0000E+00   .0000E+00   1   .00  1.00  1.00  1.00
   33    0       .00       .00     57.00  -.1500E+03   .0000E+00   .0000E+00   1   .00  1.00  1.00  1.00
   34    0      1.00       .00     57.00  -.1500E+03   .0000E+00   .0000E+00   1   .00  1.00  1.00  1.00
   35    0       .00      1.00     57.00  -.1500E+03   .0000E+00   .0000E+00   1   .00  1.00  1.00  1.00
   36    0      1.00      1.00     57.00  -.1500E+03   .0000E+00   .0000E+00   1   .00  1.00  1.00  1.00
   37    0       .00       .00     56.00  -.1500E+03   .0000E+00   .0000E+00   1   .00  1.00  1.00  1.00
   38    0      1.00       .00     56.00  -.1500E+03   .0000E+00   .0000E+00   1   .00  1.00  1.00  1.00
   39    0       .00      1.00     56.00  -.1500E+03   .0000E+00   .0000E+00   1   .00  1.00  1.00  1.00
   40    0      1.00      1.00     56.00  -.1500E+03   .0000E+00   .0000E+00   1   .00  1.00  1.00  1.00
   41    0       .00       .00     55.00  -.1500E+03   .0000E+00   .0000E+00   1   .00  1.00  1.00  1.00
   42    0      1.00       .00     55.00  -.1500E+03   .0000E+00   .0000E+00   1   .00  1.00  1.00  1.00
   43    0       .00      1.00     55.00  -.1500E+03   .0000E+00   .0000E+00   1   .00  1.00  1.00  1.00
   44    0      1.00      1.00     55.00  -.1500E+03   .0000E+00   .0000E+00   1   .00  1.00  1.00  1.00
   45    0       .00       .00     54.00  -.1500E+03   .0000E+00   .0000E+00   1   .00  1.00  1.00  1.00
   46    0      1.00       .00     54.00  -.1500E+03   .0000E+00   .0000E+00   1   .00  1.00  1.00  1.00
   47    0       .00      1.00     54.00  -.1500E+03   .0000E+00   .0000E+00   1   .00  1.00  1.00  1.00
   48    0      1.00      1.00     54.00  -.1500E+03   .0000E+00   .0000E+00   1   .00  1.00  1.00  1.00
   49    0       .00       .00     53.00  -.1500E+03   .0000E+00   .0000E+00   1   .00  1.00  1.00  1.00
   50    0      1.00       .00     53.00  -.1500E+03   .0000E+00   .0000E+00   1   .00  1.00  1.00  1.00
   51    0       .00      1.00     53.00  -.1500E+03   .0000E+00   .0000E+00   1   .00  1.00  1.00  1.00
   52    0      1.00      1.00     53.00  -.1500E+03   .0000E+00   .0000E+00   1   .00  1.00  1.00  1.00
   53    0       .00       .00     52.00  -.1500E+03   .0000E+00   .0000E+00   1   .00  1.00  1.00  1.00
   54    0      1.00       .00     52.00  -.1500E+03   .0000E+00   .0000E+00   1   .00  1.00  1.00  1.00
   55    0       .00      1.00     52.00  -.1500E+03   .0000E+00   .0000E+00   1   .00  1.00  1.00  1.00
   56    0      1.00      1.00     52.00  -.1500E+03   .0000E+00   .0000E+00   1   .00  1.00  1.00  1.00
   57    0       .00       .00     51.00  -.1500E+03   .0000E+00   .0000E+00   1   .00  1.00  1.00  1.00
   58    0      1.00       .00     51.00  -.1500E+03   .0000E+00   .0000E+00   1   .00  1.00  1.00  1.00
   59    0       .00      1.00     51.00  -.1500E+03   .0000E+00   .0000E+00   1   .00  1.00  1.00  1.00
   60    0      1.00      1.00     51.00  -.1500E+03   .0000E+00   .0000E+00   1   .00  1.00  1.00  1.00
   61    0       .00       .00     50.00  -.1500E+03   .0000E+00   .0000E+00   1   .00  1.00  1.00  1.00
   62    0      1.00       .00     50.00  -.1500E+03   .0000E+00   .0000E+00   1   .00  1.00  1.00  1.00
   63    0       .00      1.00     50.00  -.1500E+03   .0000E+00   .0000E+00   1   .00  1.00  1.00  1.00
   64    0      1.00      1.00     50.00  -.1500E+03   .0000E+00   .0000E+00   1   .00  1.00  1.00  1.00
   65    0       .00       .00     49.00  -.1500E+03   .0000E+00   .0000E+00   1   .00  1.00  1.00  1.00
   66    0      1.00       .00     49.00  -.1500E+03   .0000E+00   .0000E+00   1   .00  1.00  1.00  1.00
   67    0       .00      1.00     49.00  -.1500E+03   .0000E+00   .0000E+00   1   .00  1.00  1.00  1.00
   68    0      1.00      1.00     49.00  -.1500E+03   .0000E+00   .0000E+00   1   .00  1.00  1.00  1.00
   69    0       .00       .00     48.00  -.1500E+03   .0000E+00   .0000E+00   1   .00  1.00  1.00  1.00
   70    0      1.00       .00     48.00  -.1500E+03   .0000E+00   .0000E+00   1   .00  1.00  1.00  1.00
   71    0       .00      1.00     48.00  -.1500E+03   .0000E+00   .0000E+00   1   .00  1.00  1.00  1.00
   72    0      1.00      1.00     48.00  -.1500E+03   .0000E+00   .0000E+00   1   .00  1.00  1.00  1.00
   73    0       .00       .00     47.00  -.1500E+03   .0000E+00   .0000E+00   1   .00  1.00  1.00  1.00
   74    0      1.00       .00     47.00  -.1500E+03   .0000E+00   .0000E+00   1   .00  1.00  1.00  1.00
   75    0       .00      1.00     47.00  -.1500E+03   .0000E+00   .0000E+00   1   .00  1.00  1.00  1.00
   76    0      1.00      1.00     47.00  -.1500E+03   .0000E+00   .0000E+00   1   .00  1.00  1.00  1.00
   77    0       .00       .00     46.00  -.1500E+03   .0000E+00   .0000E+00   1   .00  1.00  1.00  1.00
   78    0      1.00       .00     46.00  -.1500E+03   .0000E+00   .0000E+00   1   .00  1.00  1.00  1.00
   79    0       .00      1.00     46.00  -.1500E+03   .0000E+00   .0000E+00   1   .00  1.00  1.00  1.00
   80    0      1.00      1.00     46.00  -.1500E+03   .0000E+00   .0000E+00   1   .00  1.00  1.00  1.00
   81    0       .00       .00     45.00  -.1500E+03   .0000E+00   .0000E+00   1   .00  1.00  1.00  1.00
   82    0      1.00       .00     45.00  -.1500E+03   .0000E+00   .0000E+00   1   .00  1.00  1.00  1.00
   83    0       .00      1.00     45.00  -.1500E+03   .0000E+00   .0000E+00   1   .00  1.00  1.00  1.00
   84    0      1.00      1.00     45.00  -.1500E+03   .0000E+00   .0000E+00   1   .00  1.00  1.00  1.00
   85    0       .00       .00     44.00  -.1500E+03   .0000E+00   .0000E+00   1   .00  1.00  1.00  1.00
   86    0      1.00       .00     44.00  -.1500E+03   .0000E+00   .0000E+00   1   .00  1.00  1.00  1.00
   87    0       .00      1.00     44.00  -.1500E+03   .0000E+00   .0000E+00   1   .00  1.00  1.00  1.00
   88    0      1.00      1.00     44.00  -.1500E+03   .0000E+00   .0000E+00   1   .00  1.00  1.00  1.00
   89    0       .00       .00     43.00  -.1500E+03   .0000E+00   .0000E+00   1   .00  1.00  1.00  1.00
   90    0      1.00       .00     43.00  -.1500E+03   .0000E+00   .0000E+00   1   .00  1.00  1.00  1.00
   91    0       .00      1.00     43.00  -.1500E+03   .0000E+00   .0000E+00   1   .00  1.00  1.00  1.00
   92    0      1.00      1.00     43.00  -.1500E+03   .0000E+00   .0000E+00   1   .00  1.00  1.00  1.00
   93    0       .00       .00     42.00  -.1500E+03   .0000E+00   .0000E+00   1   .00  1.00  1.00  1.00
   94    0      1.00       .00     42.00  -.1500E+03   .0000E+00   .0000E+00   1   .00  1.00  1.00  1.00
   95    0       .00      1.00     42.00  -.1500E+03   .0000E+00   .0000E+00   1   .00  1.00  1.00  1.00
   96    0      1.00      1.00     42.00  -.1500E+03   .0000E+00   .0000E+00   1   .00  1.00  1.00  1.00
   97    0       .00       .00     41.00  -.1500E+03   .0000E+00   .0000E+00   1   .00  1.00  1.00  1.00
   98    0      1.00       .00     41.00  -.1500E+03   .0000E+00   .0000E+00   1   .00  1.00  1.00  1.00
   99    0       .00      1.00     41.00  -.1500E+03   .0000E+00   .0000E+00   1   .00  1.00  1.00  1.00
  100    0      1.00      1.00     41.00  -.1500E+03   .0000E+00   .0000E+00   1   .00  1.00  1.00  1.00
  101    0       .00       .00     40.00  -.1500E+03   .0000E+00   .0000E+00   1   .00  1.00  1.00  1.00
  102    0      1.00       .00     40.00  -.1500E+03   .0000E+00   .0000E+00   1   .00  1.00  1.00  1.00
  103    0       .00      1.00     40.00  -.1500E+03   .0000E+00   .0000E+00   1   .00  1.00  1.00  1.00
  104    0      1.00      1.00     40.00  -.1500E+03   .0000E+00   .0000E+00   1   .00  1.00  1.00  1.00
  105    0       .00       .00     39.00  -.1500E+03   .0000E+00   .0000E+00   1   .00  1.00  1.00  1.00
  106    0      1.00       .00     39.00  -.1500E+03   .0000E+00   .0000E+00   1   .00  1.00  1.00  1.00
  107    0       .00      1.00     39.00  -.1500E+03   .0000E+00   .0000E+00   1   .00  1.00  1.00  1.00
  108    0      1.00      1.00     39.00  -.1500E+03   .0000E+00   .0000E+00   1   .00  1.00  1.00  1.00
  109    0       .00       .00     38.00  -.1500E+03   .0000E+00   .0000E+00   1   .00  1.00  1.00  1.00
  110    0      1.00       .00     38.00  -.1500E+03   .0000E+00   .0000E+00   1   .00  1.00  1.00  1.00
  111    0       .00      1.00     38.00  -.1500E+03   .0000E+00   .0000E+00   1   .00  1.00  1.00  1.00
  112    0      1.00      1.00     38.00  -.1500E+03   .0000E+00   .0000E+00   1   .00  1.00  1.00  1.00
  113    0       .00       .00     37.00  -.1500E+03   .0000E+00   .0000E+00   1   .00  1.00  1.00  1.00
  114    0      1.00       .00     37.00  -.1500E+03   .0000E+00   .0000E+00   1   .00  1.00  1.00  1.00
  115    0       .00      1.00     37.00  -.1500E+03   .0000E+00   .0000E+00   1   .00  1.00  1.00  1.00
  116    0      1.00      1.00     37.00  -.1500E+03   .0000E+00   .0000E+00   1   .00  1.00  1.00  1.00
  117    0       .00       .00     36.00  -.1500E+03   .0000E+00   .0000E+00   1   .00  1.00  1.00  1.00
  118    0      1.00       .00     36.00  -.1500E+03   .0000E+00   .0000E+00   1   .00  1.00  1.00  1.00
  119    0       .00      1.00     36.00  -.1500E+03   .0000E+00   .0000E+00   1   .00  1.00  1.00  1.00
  120    0      1.00      1.00     36.00  -.1500E+03   .0000E+00   .0000E+00   1   .00  1.00  1.00  1.00
  121    0       .00       .00     35.00  -.1500E+03   .0000E+00   .0000E+00   1   .00  1.00  1.00  1.00
  122    0      1.00       .00     35.00  -.1500E+03   .0000E+00   .0000E+00   1   .00  1.00  1.00  1.00
  123    0       .00      1.00     35.00  -.1500E+03   .0000E+00   .0000E+00   1   .00  1.00  1.00  1.00
  124    0      1.00      1.00     35.00  -.1500E+03   .0000E+00   .0000E+00   1   .00  1.00  1.00  1.00
  125    0       .00       .00     34.00  -.1500E+03   .0000E+00   .0000E+00   1   .00  1.00  1.00  1.00
  126    0      1.00       .00     34.00  -.1500E+03   .0000E+00   .0000E+00   1   .00  1.00  1.00  1.00
  127    0       .00      1.00     34.00  -.1500E+03   .0000E+00   .0000E+00   1   .00  1.00  1.00  1.00
  128    0      1.00      1.00     34.00  -.1500E+03   .0000E+00   .0000E+00   1   .00  1.00  1.00  1.00
  129    0       .00       .00     33.00  -.1500E+03   .0000E+00   .0000E+00   1   .00  1.00  1.00  1.00
  130    0      1.00       .00     33.00  -.1500E+03   .0000E+00   .0000E+00   1   .00  1.00  1.00  1.00
  131    0       .00      1.00     33.00  -.1500E+03   .0000E+00   .0000E+00   1   .00  1.00  1.00  1.00
  132    0      1.00      1.00     33.00  -.1500E+03   .0000E+00   .0000E+00   1   .00  1.00  1.00  1.00
  133    0       .00       .00     32.00  -.1500E+03   .0000E+00   .0000E+00   1   .00  1.00  1.00  1.00
  134    0      1.00       .00     32.00  -.1500E+03   .0000E+00   .0000E+00   1   .00  1.00  1.00  1.00
  135    0       .00      1.00     32.00  -.1500E+03   .0000E+00   .0000E+00   1   .00  1.00  1.00  1.00
  136    0      1.00      1.00     32.00  -.1500E+03   .0000E+00   .0000E+00   1   .00  1.00  1.00  1.00
  137    0       .00       .00     31.00  -.1500E+03   .0000E+00   .0000E+00   1   .00  1.00  1.00  1.00
  138    0      1.00       .00     31.00  -.1500E+03   .0000E+00   .0000E+00   1   .00  1.00  1.00  1.00
  139    0       .00      1.00     31.00  -.1500E+03   .0000E+00   .0000E+00   1   .00  1.00  1.00  1.00
  140    0      1.00      1.00     31.00  -.1500E+03   .0000E+00   .0000E+00   1   .00  1.00  1.00  1.00
  141    0       .00       .00     30.00  -.1500E+03   .0000E+00   .0000E+00   1   .00  1.00  1.00  1.00
  142    0      1.00       .00     30.00  -.1500E+03   .0000E+00   .0000E+00   1   .00  1.00  1.00  1.00
  143    0       .00      1.00     30.00  -.1500E+03   .0000E+00   .0000E+00   1   .00  1.00  1.00  1.00
  144    0      1.00      1.00     30.00  -.1500E+03   .0000E+00   .0000E+00   1   .00  1.00  1.00  1.00
  145    0       .00       .00     29.00  -.1500E+03   .0000E+00   .0000E+00   1   .00  1.00  1.00  1.00
  146    0      1.00       .00     29.00  -.1500E+03   .0000E+00   .0000E+00   1   .00  1.00  1.00  1.00
  147    0       .00      1.00     29.00  -.1500E+03   .0000E+00   .0000E+00   1   .00  1.00  1.00  1.00
  148    0      1.00      1.00     29.00  -.1500E+03   .0000E+00   .0000E+00   1   .00  1.00  1.00  1.00
  149    0       .00       .00     28.00  -.1500E+03   .0000E+00   .0000E+00   1   .00  1.00  1.00  1.00
  150    0      1.00       .00     28.00  -.1500E+03   .0000E+00   .0000E+00   1   .00  1.00  1.00  1.00
  151    0       .00      1.00     28.00  -.1500E+03   .0000E+00   .0000E+00   1   .00  1.00  1.00  1.00
  152    0      1.00      1.00     28.00  -.1500E+03   .0000E+00   .0000E+00   1   .00  1.00  1.00  1.00
  153    0       .00       .00     27.00  -.1500E+03   .0000E+00   .0000E+00   1   .00  1.00  1.00  1.00
  154    0      1.00       .00     27.00  -.1500E+03   .0000E+00   .0000E+00   1   .00  1.00  1.00  1.00
  155    0       .00      1.00     27.00  -.1500E+03   .0000E+00   .0000E+00   1   .00  1.00  1.00  1.00
  156    0      1.00      1.00     27.00  -.1500E+03   .0000E+00   .0000E+00   1   .00  1.00  1.00  1.00
  157    0       .00       .00     26.00  -.1500E+03   .0000E+00   .0000E+00   1   .00  1.00  1.00  1.00
  158    0      1.00       .00     26.00  -.1500E+03   .0000E+00   .0000E+00   1   .00  1.00  1.00  1.00
  159    0       .00      1.00     26.00  -.1500E+03   .0000E+00   .0000E+00   1   .00  1.00  1.00  1.00
  160    0      1.00      1.00     26.00  -.1500E+03   .0000E+00   .0000E+00   1   .00  1.00  1.00  1.00
  161    0       .00       .00     25.00  -.1500E+03   .0000E+00   .0000E+00   1   .00  1.00  1.00  1.00
  162    0      1.00       .00     25.00  -.1500E+03   .0000E+00   .0000E+00   1   .00  1.00  1.00  1.00
  163    0       .00      1.00     25.00  -.1500E+03   .0000E+00   .0000E+00   1   .00  1.00  1.00  1.00
  164    0      1.00      1.00     25.00  -.1500E+03   .0000E+00   .0000E+00   1   .00  1.00  1.00  1.00
  165    0       .00       .00     24.00  -.1500E+03   .0000E+00   .0000E+00   1   .00  1.00  1.00  1.00
  166    0      1.00       .00     24.00  -.1500E+03   .0000E+00   .0000E+00   1   .00  1.00  1.00  1.00
  167    0       .00      1.00     24.00  -.1500E+03   .0000E+00   .0000E+00   1   .00  1.00  1.00  1.00
  168    0      1.00      1.00     24.00  -.1500E+03   .0000E+00   .0000E+00   1   .00  1.00  1.00  1.00
  169    0       .00       .00     23.00  -.1500E+03   .0000E+00   .0000E+00   1   .00  1.00  1.00  1.00
  170    0      1.00       .00     23.00  -.1500E+03   .0000E+00   .0000E+00   1   .00  1.00  1.00  1.00
  171    0       .00      1.00     23.00  -.1500E+03   .0000E+00   .0000E+00   1   .00  1.00  1.00  1.00
  172    0      1.00      1.00     23.00  -.1500E+03   .0000E+00   .0000E+00   1   .00  1.00  1.00  1.00
  173    0       .00       .00     22.00  -.1500E+03   .0000E+00   .0000E+00   1   .00  1.00  1.00  1.00
  174    0      1.00       .00     22.00  -.1500E+03   .0000E+00   .0000E+00   1   .00  1.00  1.00  1.00
  175    0       .00      1.00     22.00  -.1500E+03   .0000E+00   .0000E+00   1   .00  1.00  1.00  1.00
  176    0      1.00      1.00     22.00  -.1500E+03   .0000E+00   .0000E+00   1   .00  1.00  1.00  1.00
  177    0       .00       .00     21.00  -.1500E+03   .0000E+00   .0000E+00   1   .00  1.00  1.00  1.00
  178    0      1.00       .00     21.00  -.1500E+03   .0000E+00   .0000E+00   1   .00  1.00  1.00  1.00
  179    0       .00      1.00     21.00  -.1500E+03   .0000E+00   .0000E+00   1   .00  1.00  1.00  1.00
  180    0      1.00      1.00     21.00  -.1500E+03   .0000E+00   .0000E+00   1   .00  1.00  1.00  1.00
  181    0       .00       .00     20.00  -.1500E+03   .0000E+00   .0000E+00   1   .00  1.00  1.00  1.00
  182    0      1.00       .00     20.00  -.1500E+03   .0000E+00   .0000E+00   1   .00  1.00  1.00  1.00
  183    0       .00      1.00     20.00  -.1500E+03   .0000E+00   .0000E+00   1   .00  1.00  1.00  1.00
  184    0      1.00      1.00     20.00  -.1500E+03   .0000E+00   .0000E+00   1   .00  1.00  1.00  1.00
  185    0       .00       .00     18.00  -.1500E+03   .0000E+00   .0000E+00   1   .00  1.00  1.00  1.00
  186    0      1.00       .00     18.00  -.1500E+03   .0000E+00   .0000E+00   1   .00  1.00  1.00  1.00
  187    0       .00      1.00     18.00  -.1500E+03   .0000E+00   .0000E+00   1   .00  1.00  1.00  1.00
  188    0      1.00      1.00     18.00  -.1500E+03   .0000E+00   .0000E+00   1   .00  1.00  1.00  1.00
  189    0       .00       .00     16.00  -.1500E+03   .0000E+00   .0000E+00   1   .00  1.00  1.00  1.00
  190    0      1.00       .00     16.00  -.1500E+03   .0000E+00   .0000E+00   1   .00  1.00  1.00  1.00
  191    0       .00      1.00     16.00  -.1500E+03   .0000E+00   .0000E+00   1   .00  1.00  1.00  1.00
  192    0      1.00      1.00     16.00  -.1500E+03   .0000E+00   .0000E+00   1   .00  1.00  1.00  1.00
  193    0       .00       .00     14.00  -.1500E+03   .0000E+00   .0000E+00   1   .00  1.00  1.00  1.00
  194    0      1.00       .00     14.00  -.1500E+03   .0000E+00   .0000E+00   1   .00  1.00  1.00  1.00
  195    0       .00      1.00     14.00  -.1500E+03   .0000E+00   .0000E+00   1   .00  1.00  1.00  1.00
  196    0      1.00      1.00     14.00  -.1500E+03   .0000E+00   .0000E+00   1   .00  1.00  1.00  1.00
  197    0       .00       .00     12.00  -.1500E+03   .0000E+00   .0000E+00   1   .00  1.00  1.00  1.00
  198    0      1.00       .00     12.00  -.1500E+03   .0000E+00   .0000E+00   1   .00  1.00  1.00  1.00
  199    0       .00      1.00     12.00  -.1500E+03   .0000E+00   .0000E+00   1   .00  1.00  1.00  1.00
  200    0      1.00      1.00     12.00  -.1500E+03   .0000E+00   .0000E+00   1   .00  1.00  1.00  1.00
  201    0       .00       .00     10.00  -.1500E+03   .0000E+00   .0000E+00   1   .00  1.00  1.00  1.00
  202    0      1.00       .00     10.00  -.1500E+03   .0000E+00   .0000E+00   1   .00  1.00  1.00  1.00
  203    0       .00      1.00     10.00  -.1500E+03   .0000E+00   .0000E+00   1   .00  1.00  1.00  1.00
  204    0      1.00      1.00     10.00  -.1500E+03   .0000E+00   .0000E+00   1   .00  1.00  1.00  1.00
  205    0       .00       .00      8.00  -.1500E+03   .0000E+00   .0000E+00   1   .00  1.00  1.00  1.00
  206    0      1.00       .00      8.00  -.1500E+03   .0000E+00   .0000E+00   1   .00  1.00  1.00  1.00
  207    0       .00      1.00      8.00  -.1500E+03   .0000E+00   .0000E+00   1   .00  1.00  1.00  1.00
  208    0      1.00      1.00      8.00  -.1500E+03   .0000E+00   .0000E+00   1   .00  1.00  1.00  1.00
  209    0       .00       .00      6.00  -.1500E+03   .0000E+00   .0000E+00   1   .00  1.00  1.00  1.00
  210    0      1.00       .00      6.00  -.1500E+03   .0000E+00   .0000E+00   1   .00  1.00  1.00  1.00
  211    0       .00      1.00      6.00  -.1500E+03   .0000E+00   .0000E+00   1   .00  1.00  1.00  1.00
  212    0      1.00      1.00      6.00  -.1500E+03   .0000E+00   .0000E+00   1   .00  1.00  1.00  1.00
  213    0       .00       .00      4.00  -.1500E+03   .0000E+00   .0000E+00   1   .00  1.00  1.00  1.00
  214    0      1.00       .00      4.00  -.1500E+03   .0000E+00   .0000E+00   1   .00  1.00  1.00  1.00
  215    0       .00      1.00      4.00  -.1500E+03   .0000E+00   .0000E+00   1   .00  1.00  1.00  1.00
  216    0      1.00      1.00      4.00  -.1500E+03   .0000E+00   .0000E+00   1   .00  1.00  1.00  1.00
  217    0       .00       .00      2.00  -.1500E+03   .0000E+00   .0000E+00   1   .00  1.00  1.00  1.00
  218    0      1.00       .00      2.00  -.1500E+03   .0000E+00   .0000E+00   1   .00  1.00  1.00  1.00
  219    0       .00      1.00      2.00  -.1500E+03   .0000E+00   .0000E+00   1   .00  1.00  1.00  1.00
  220    0      1.00      1.00      2.00  -.1500E+03   .0000E+00   .0000E+00   1   .00  1.00  1.00  1.00
  221   -2       .00       .00       .00  -.1500E+03   .0000E+00   .0000E+00   1   .00  1.00  1.00  1.00
  222   -2      1.00       .00       .00  -.1500E+03   .0000E+00   .0000E+00   1   .00  1.00  1.00  1.00
  223   -2       .00      1.00       .00  -.1500E+03   .0000E+00   .0000E+00   1   .00  1.00  1.00  1.00
  224   -2      1.00      1.00       .00  -.1500E+03   .0000E+00   .0000E+00   1   .00  1.00  1.00  1.00
*** BLOCK I: ELEMENT INFORMATION ****************************************************************************
    e     i     j     k     l     m     n     o     p Sub Aniz1 Aniz2 Aniz3 ------- cosin of angle ------ Lay
    1     1     2     3     4     5     6     7     8  1   1.00  1.00  1.00 1.00 1.00 1.00  .00  .00  .00  1
    2     5     6     7     8     9    10    11    12  2   1.00  1.00  1.00 1.00 1.00 1.00  .00  .00  .00  1
    3     9    10    11    12    13    14    15    16  1   1.00  1.00  1.00 1.00 1.00 1.00  .00  .00  .00  1
    4    13    14    15    16    17    18    19    20  2   1.00  1.00  1.00 1.00 1.00 1.00  .00  .00  .00  1
    5    17    18    19    20    21    22    23    24  1   1.00  1.00  1.00 1.00 1.00 1.00  .00  .00  .00  1
    6    21    22    23    24    25    26    27    28  2   1.00  1.00  1.00 1.00 1.00 1.00  .00  .00  .00  1
    7    25    26    27    28    29    30    31    32  1   1.00  1.00  1.00 1.00 1.00 1.00  .00  .00  .00  1
    8    29    30    31    32    33    34    35    36  2   1.00  1.00  1.00 1.00 1.00 1.00  .00  .00  .00  1
    9    33    34    35    36    37    38    39    40  1   1.00  1.00  1.00 1.00 1.00 1.00  .00  .00  .00  1
   10    37    38    39    40    41    42    43    44  2   1.00  1.00  1.00 1.00 1.00 1.00  .00  .00  .00  1
   11    41    42    43    44    45    46    47    48  1   1.00  1.00  1.00 1.00 1.00 1.00  .00  .00  .00  1
   12    45    46    47    48    49    50    51    52  2   1.00  1.00  1.00 1.00 1.00 1.00  .00  .00  .00  1
   13    49    50    51    52    53    54    55    56  1   1.00  1.00  1.00 1.00 1.00 1.00  .00  .00  .00  1
   14    53    54    55    56    57    58    59    60  2   1.00  1.00  1.00 1.00 1.00 1.00  .00  .00  .00  1
   15    57    58    59    60    61    62    63    64  1   1.00  1.00  1.00 1.00 1.00 1.00  .00  .00  .00  1
   16    61    62    63    64    65    66    67    68  2   1.00  1.00  1.00 1.00 1.00 1.00  .00  .00  .00  1
   17    65    66    67    68    69    70    71    72  1   1.00  1.00  1.00 1.00 1.00 1.00  .00  .00  .00  1
   18    69    70    71    72    73    74    75    76  2   1.00  1.00  1.00 1.00 1.00 1.00  .00  .00  .00  1
   19    73    74    75    76    77    78    79    80  1   1.00  1.00  1.00 1.00 1.00 1.00  .00  .00  .00  1
   20    77    78    79    80    81    82    83    84  2   1.00  1.00  1.00 1.00 1.00 1.00  .00  .00  .00  1
   21    81    82    83    84    85    86    87    88  1   1.00  1.00  1.00 1.00 1.00 1.00  .00  .00  .00  1
   22    85    86    87    88    89    90    91    92  2   1.00  1.00  1.00 1.00 1.00 1.00  .00  .00  .00  1
   23    89    90    91    92    93    94    95    96  1   1.00  1.00  1.00 1.00 1.00 1.00  .00  .00  .00  1
   24    93    94    95    96    97    98    99   100  2   1.00  1.00  1.00 1.00 1.00 1.00  .00  .00  .00  1
   25    97    98    99   100   101   102   103   104  1   1.00  1.00  1.00 1.00 1.00 1.00  .00  .00  .00  1
   26   101   102   103   104   105   106   107   108  2   1.00  1.00  1.00 1.00 1.00 1.00  .00  .00  .00  1
   27   105   106   107   108   109   110   111   112  1   1.00  1.00  1.00 1.00 1.00 1.00  .00  .00  .00  1
   28   109   110   111   112   113   114   115   116  2   1.00  1.00  1.00 1.00 1.00 1.00  .00  .00  .00  1
   29   113   114   115   116   117   118   119   120  1   1.00  1.00  1.00 1.00 1.00 1.00  .00  .00  .00  1
   30   117   118   119   120   121   122   123   124  2   1.00  1.00  1.00 1.00 1.00 1.00  .00  .00  .00  1
   31   121   122   123   124   125   126   127   128  1   1.00  1.00  1.00 1.00 1.00 1.00  .00  .00  .00  1
   32   125   126   127   128   129   130   131   132  2   1.00  1.00  1.00 1.00 1.00 1.00  .00  .00  .00  1
   33   129   130   131   132   133   134   135   136  1   1.00  1.00  1.00 1.00 1.00 1.00  .00  .00  .00  1
   34   133   134   135   136   137   138   139   140  2   1.00  1.00  1.00 1.00 1.00 1.00  .00  .00  .00  1
   35   137   138   139   140   141   142   143   144  1   1.00  1.00  1.00 1.00 1.00 1.00  .00  .00  .00  1
   36   141   142   143   144   145   146   147   148  2   1.00  1.00  1.00 1.00 1.00 1.00  .00  .00  .00  1
   37   145   146   147   148   149   150   151   152  1   1.00  1.00  1.00 1.00 1.00 1.00  .00  .00  .00  1
   38   149   150   151   152   153   154   155   156  2   1.00  1.00  1.00 1.00 1.00 1.00  .00  .00  .00  1
   39   153   154   155   156   157   158   159   160  1   1.00  1.00  1.00 1.00 1.00 1.00  .00  .00  .00  1
   40   157   158   159   160   161   162   163   164  2   1.00  1.00  1.00 1.00 1.00 1.00  .00  .00  .00  1
   41   161   162   163   164   165   166   167   168  1   1.00  1.00  1.00 1.00 1.00 1.00  .00  .00  .00  1
   42   165   166   167   168   169   170   171   172  2   1.00  1.00  1.00 1.00 1.00 1.00  .00  .00  .00  1
   43   169   170   171   172   173   174   175   176  1   1.00  1.00  1.00 1.00 1.00 1.00  .00  .00  .00  1
   44   173   174   175   176   177   178   179   180  2   1.00  1.00  1.00 1.00 1.00 1.00  .00  .00  .00  1
   45   177   178   179   180   181   182   183   184  1   1.00  1.00  1.00 1.00 1.00 1.00  .00  .00  .00  1
   46   181   182   183   184   185   186   187   188  2   1.00  1.00  1.00 1.00 1.00 1.00  .00  .00  .00  1
   47   185   186   187   188   189   190   191   192  1   1.00  1.00  1.00 1.00 1.00 1.00  .00  .00  .00  1
   48   189   190   191   192   193   194   195   196  2   1.00  1.00  1.00 1.00 1.00 1.00  .00  .00  .00  1
   49   193   194   195   196   197   198   199   200  1   1.00  1.00  1.00 1.00 1.00 1.00  .00  .00  .00  1
   50   197   198   199   200   201   202   203   204  2   1.00  1.00  1.00 1.00 1.00 1.00  .00  .00  .00  1
   51   201   202   203   204   205   206   207   208  1   1.00  1.00  1.00 1.00 1.00 1.00  .00  .00  .00  1
   52   205   206   207   208   209   210   211   212  2   1.00  1.00  1.00 1.00 1.00 1.00  .00  .00  .00  1
   53   209   210   211   212   213   214   215   216  1   1.00  1.00  1.00 1.00 1.00 1.00  .00  .00  .00  1
   54   213   214   215   216   217   218   219   220  2   1.00  1.00  1.00 1.00 1.00 1.00  .00  .00  .00  1
   55   217   218   219   220   221   222   223   224  1   1.00  1.00  1.00 1.00 1.00 1.00  .00  .00  .00  1
*** BLOCK J : BOUNDARY INFORMATION **************************************************************************
 Node number array:
            1            2            3            4          221          222          223          224
 Width array:
       .33333       .16667       .16667       .33333       .16667       .33333       .33333       .16667
 Length:
       .00
***** End of file Grid.In ***********************************************************************************
