*** BLOCK A: BASIC INFORMATION *****************************************
Heading
'Example 1 - Column Test'
LUnit  TUnit  MUnit            (units are obligatory for all input data)
'cm'   'hr'  '-'
MaxIt   TolTh   TolH       (maximum number of iterations and tolerances)
  20    .0001   0.01
lWat    lChem   ChecF   ShortF  FluxF   AtmInF  SeepF  FreeD  DrainF
 t       t       f      t       f       f       t      f      f
*** BLOCK B: MATERIAL INFORMATION **************************************
NMat    NLay    hTab1   hTabN   NPar
  1      1      .001    200.     9
thr     ths     tha     thm     Alfa    n       Ks      Kk      thk
 .05    .45     .05     .450     4.1   2.00   5.000   5.000     .45
*** BLOCK C: TIME INFORMATION ******************************************
dt      dtMin   dtMax   DMul    DMul2   MPL
  0.001 .00001   0.1      1.1     .33     9
TPrint(1),TPrint(2),...,TPrint(MPL)                   (print-time array)
 0.25 1.5 5 10 20 30    50    100 200
*** BLOCK E: SEEPAGE INFORMATION (only if SeepF =.true.) ***************
NSeep                                          (number of seepage faces)
  1
NSP(1),NSP(2),.......,NSP(NSeep)          (number of nodes in each s.f.)
  7
NP(i,1),NP(i,2),.....,NP(i,NSP(i))     (nodal number array of i-th s.f.)
  3191 3719 4247 4775 5303 5831 6359
*** BLOCK G: SOLUTE TRANSPORT INFORMATION******************************
Epsi    lUpW    lArtD   PeCr
 0.5    f       t       2.
Bulk.d. Difus.       Disper.    Adsorp. SinkL1  SinkS1  SinkL0  SinkS0
1.400   0.01        1.0  0.25    0.0     0   0  0       0
KodCB(1),KodCB(2),.....,KodCB(NumBP)
 -1 -1 -1 -1 -1 -1 -1 -1 -1  -1 -1 -1 -1 -1 -1 -1 -1 -1 -1 -1
 -1 -1 -1 -1 -1 -1 -1 -1 -1  -1 -1 -1 -1 -1 -1 -1 -1 -1 -1 -1
 -1 -1 -1 -1 -1 -1 -1 -1 -1  -1 -1 -1 -1 -1
 -2 -2 -2 -2 -2 -2 -2 -2 -2  -2 -2 -2 -2 -2 -2 -2 -2 -2 -2 -2
 -2 -2 -2 -2 -2 -2 -2 -2 -2  -2 -2 -2 -2 -2 -2 -2 -2 -2 -2 -2
 -2 -2 -2 -2 -2 -2 -2 -2 -2  -2 -2 -2 -2 -2 -2 -2 -2 -2 -2 -2
 -2 -2 -2 -2 -2 -2 -2 -2 -2  -2 -2 -2 -2 -2 -2 -2 -2 -2 -2 -2
 -2 -2 -2 -2 -2 -2 -2 -2 -2  -2 -2 -2 -2 -2 -2 -2 -2 -2 -2 -2
 -2 -2 -2 -2 -2 -2 -2 -2 -2  -2 -2 -2 -2 -2 -2 -2 -2 -2 -2 -2
 -2 -2 -2 -2 -2 -2 -2 -2 -2  -2 -2 -2 -2 -2 -2 -2 -2 -2 -2 -2
 -2 -2 -2 -2 -2 -2 -2 -2 -2  -2 -2 -2 -2 -2 -2 -2 -2 -2 -2 -2
 -2 -2 -2 -2 -2 -2 -2 -2 -2  -2 -2 -2 -2 -2 -2 -2 -2 -2 -2 -2
 -2 -2 -2 -2 -2 -2 -2 -2 -2  -2 -2 -2 -2 -2 -2 -2 -2 -2 -2 -2
 -2 -2 -2 -2 -2 -2 -2 -2 -2  -2 -2 -2 -2 -2 -2 -2 -2 -2 -2 -2
 -2 -2 -2 -2 -2 -2 -2 -2 -2  -2 -2 -2 -2 -2 -2 -2 -2 -2 -2 -2
 -2 -2 -2 -2 -2 -2 -2 -2 -2  -2 -2 -2 -2 -2 -2 -2 -2 -2 -2 -2
 -2 -2 -2 -2 -2 -2 -2 -2 -2  -2 -2 -2 -2 -2 -2 -2 -2 -2 -2 -2
 -2 -2 -2 -2 -2 -2 -2 -2 -2  -2 -2 -2 -2 -2 -2 -2 -2 -2 -2 -2
 -2 -2 -2 -2 -2 -2 -2 -2 -2  -2 -2 -2 -2 -2 -2 -2 -2 -2 -2 -2
 -2 -2 -2 -2 -2 -2 -2 -2 -2  -2 -2 -2 -2 -2 -2 -2 -2 -2 -2 -2
 -2 -2 -2 -2 -2 -2 -2 -2 -2  -2 -2 -2 -2 -2 -2 -2 -2 -2 -2 -2
 -2 -2 -2 -2 -2 -2 -2 -2 -2  -2 -2 -2 -2 -2 -2 -2 -2 -2 -2 -2
 -2 -2 -2 -2 -2 -2 -2 -2 -2  -2 -2 -2 -2 -2 -2 -2 -2 -2 -2 -2
 -2 -2 -2 -2 -2 -2 -2 -2 -2  -2 -2 -2 -2 -2 -2 -2 -2 -2 -2 -2
 -2 -2 -2 -2 -2 -2 -2 -2 -2  -2 -2 -2 -2 -2 -2 -2 -2 -2 -2 -2
 -2 -2 -2 -2 -2 -2 -2 -2 -2  -2 -2 -2 -2 -2 -2 -2 -2 -2 -2 -2
 -2 -2 -2 -2 -2 -2 -2 -2 -2  -2 -2 -2 -2 -2 -2 -2 -2 -2 -2 -2
 -2 -2 -2 -2 -2 -2 -2 -2 -2  -2 -2 -2 -2 -2 -2 -2 -2 -2 -2 -2
 -2 -2 -2 -2 -2 -2 -2 -2 -2  -2 -2 -2 -2 -2 -2 -2 -2 -2 -2 -2
 -2 -2 -2 -2 -2 -2 -2 -2 -2  -2 -2 -2 -2 -2 -2 -2 -2 -2 -2 -2
 -2 -2 -2 -2 -2 -2 -2 -2 -2  -2 -2 -2 -2 -2 -2 -2 -2 -2 -2 -2
 -2 -2 -2 -2 -2 -2 -2 -2 -2  -2 -2 -2 -2 -2 -2 -2 -2
c1   c2  c3
 1. 0. 0. 0. 0. 0. 0. 0. 0. 0. 0. 0.
 tPulse
  50
*** END OF INPUT FILE 'SELECTOR.IN' ************************************

