*** BLOCK I: NODAL INFORMATION ************************************************
      NumNP     NumEl       IJ       NumBP      NS       NObs
        88        43         2         4         1         1
   n  Code    x      z         h        Q     M   B    Axz   Bxz   Dxz     Temp     Conc1
   1   1     .00     .00       .00   .00E+00  1   .00  1.00  1.00  1.00     .00  .000E+00
   2   1    1.00     .00       .00   .00E+00  1   .00  1.00  1.00  1.00     .00  .000E+00
   3   0     .00    -.25       .00   .00E+00  1   .00  1.00  1.00  1.00     .00  .000E+00
   4   0    1.00    -.25       .00   .00E+00  1   .00  1.00  1.00  1.00     .00  .000E+00
   5   0     .00    -.50       .00   .00E+00  1   .00  1.00  1.00  1.00     .00  .000E+00
   6   0    1.00    -.50       .00   .00E+00  1   .00  1.00  1.00  1.00     .00  .000E+00
   7   0     .00    -.75       .00   .00E+00  1   .00  1.00  1.00  1.00     .00  .000E+00
   8   0    1.00    -.75       .00   .00E+00  1   .00  1.00  1.00  1.00     .00  .000E+00
   9   0     .00   -1.00       .00   .00E+00  1   .00  1.00  1.00  1.00     .00  .000E+00
  10   0    1.00   -1.00       .00   .00E+00  1   .00  1.00  1.00  1.00     .00  .000E+00
  11   0     .00   -1.25       .00   .00E+00  1   .00  1.00  1.00  1.00     .00  .000E+00
  12   0    1.00   -1.25       .00   .00E+00  1   .00  1.00  1.00  1.00     .00  .000E+00
  13   0     .00   -1.50       .00   .00E+00  1   .00  1.00  1.00  1.00     .00  .000E+00
  14   0    1.00   -1.50       .00   .00E+00  1   .00  1.00  1.00  1.00     .00  .000E+00
  15   0     .00   -1.75       .00   .00E+00  1   .00  1.00  1.00  1.00     .00  .000E+00
  16   0    1.00   -1.75       .00   .00E+00  1   .00  1.00  1.00  1.00     .00  .000E+00
  17   0     .00   -2.00       .00   .00E+00  1   .00  1.00  1.00  1.00     .00  .000E+00
  18   0    1.00   -2.00       .00   .00E+00  1   .00  1.00  1.00  1.00     .00  .000E+00
  19   0     .00   -2.25       .00   .00E+00  1   .00  1.00  1.00  1.00     .00  .000E+00
  20   0    1.00   -2.25       .00   .00E+00  1   .00  1.00  1.00  1.00     .00  .000E+00
  21   0     .00   -2.50       .00   .00E+00  1   .00  1.00  1.00  1.00     .00  .000E+00
  22   0    1.00   -2.50       .00   .00E+00  1   .00  1.00  1.00  1.00     .00  .000E+00
  23   0     .00   -2.75       .00   .00E+00  1   .00  1.00  1.00  1.00     .00  .000E+00
  24   0    1.00   -2.75       .00   .00E+00  1   .00  1.00  1.00  1.00     .00  .000E+00
  25   0     .00   -3.00       .00   .00E+00  1   .00  1.00  1.00  1.00     .00  .000E+00
  26   0    1.00   -3.00       .00   .00E+00  1   .00  1.00  1.00  1.00     .00  .000E+00
  27   0     .00   -3.25       .00   .00E+00  1   .00  1.00  1.00  1.00     .00  .000E+00
  28   0    1.00   -3.25       .00   .00E+00  1   .00  1.00  1.00  1.00     .00  .000E+00
  29   0     .00   -3.50       .00   .00E+00  1   .00  1.00  1.00  1.00     .00  .000E+00
  30   0    1.00   -3.50       .00   .00E+00  1   .00  1.00  1.00  1.00     .00  .000E+00
  31   0     .00   -3.75       .00   .00E+00  1   .00  1.00  1.00  1.00     .00  .000E+00
  32   0    1.00   -3.75       .00   .00E+00  1   .00  1.00  1.00  1.00     .00  .000E+00
  33   0     .00   -4.00       .00   .00E+00  1   .00  1.00  1.00  1.00     .00  .000E+00
  34   0    1.00   -4.00       .00   .00E+00  1   .00  1.00  1.00  1.00     .00  .000E+00
  35   0     .00   -4.25       .00   .00E+00  1   .00  1.00  1.00  1.00     .00  .000E+00
  36   0    1.00   -4.25       .00   .00E+00  1   .00  1.00  1.00  1.00     .00  .000E+00
  37   0     .00   -4.50       .00   .00E+00  1   .00  1.00  1.00  1.00     .00  .000E+00
  38   0    1.00   -4.50       .00   .00E+00  1   .00  1.00  1.00  1.00     .00  .000E+00
  39   0     .00   -4.75       .00   .00E+00  1   .00  1.00  1.00  1.00     .00  .000E+00
  40   0    1.00   -4.75       .00   .00E+00  1   .00  1.00  1.00  1.00     .00  .000E+00
  41   0     .00   -5.00       .00   .00E+00  1   .00  1.00  1.00  1.00     .00  .000E+00
  42   0    1.00   -5.00       .00   .00E+00  1   .00  1.00  1.00  1.00     .00  .000E+00
  43   0     .00   -5.25       .00   .00E+00  1   .00  1.00  1.00  1.00     .00  .000E+00
  44   0    1.00   -5.25       .00   .00E+00  1   .00  1.00  1.00  1.00     .00  .000E+00
  45   0     .00   -5.50       .00   .00E+00  1   .00  1.00  1.00  1.00     .00  .000E+00
  46   0    1.00   -5.50       .00   .00E+00  1   .00  1.00  1.00  1.00     .00  .000E+00
  47   0     .00   -5.75       .00   .00E+00  1   .00  1.00  1.00  1.00     .00  .000E+00
  48   0    1.00   -5.75       .00   .00E+00  1   .00  1.00  1.00  1.00     .00  .000E+00
  49   0     .00   -6.00       .00   .00E+00  1   .00  1.00  1.00  1.00     .00  .000E+00
  50   0    1.00   -6.00       .00   .00E+00  1   .00  1.00  1.00  1.00     .00  .000E+00
  51   0     .00   -6.25       .00   .00E+00  1   .00  1.00  1.00  1.00     .00  .000E+00
  52   0    1.00   -6.25       .00   .00E+00  1   .00  1.00  1.00  1.00     .00  .000E+00
  53   0     .00   -6.50       .00   .00E+00  1   .00  1.00  1.00  1.00     .00  .000E+00
  54   0    1.00   -6.50       .00   .00E+00  1   .00  1.00  1.00  1.00     .00  .000E+00
  55   0     .00   -6.75       .00   .00E+00  1   .00  1.00  1.00  1.00     .00  .000E+00
  56   0    1.00   -6.75       .00   .00E+00  1   .00  1.00  1.00  1.00     .00  .000E+00
  57   0     .00   -7.00       .00   .00E+00  1   .00  1.00  1.00  1.00     .00  .000E+00
  58   0    1.00   -7.00       .00   .00E+00  1   .00  1.00  1.00  1.00     .00  .000E+00
  59   0     .00   -7.25       .00   .00E+00  1   .00  1.00  1.00  1.00     .00  .000E+00
  60   0    1.00   -7.25       .00   .00E+00  1   .00  1.00  1.00  1.00     .00  .000E+00
  61   0     .00   -7.50       .00   .00E+00  1   .00  1.00  1.00  1.00     .00  .000E+00
  62   0    1.00   -7.50       .00   .00E+00  1   .00  1.00  1.00  1.00     .00  .000E+00
  63   0     .00   -7.75       .00   .00E+00  1   .00  1.00  1.00  1.00     .00  .000E+00
  64   0    1.00   -7.75       .00   .00E+00  1   .00  1.00  1.00  1.00     .00  .000E+00
  65   0     .00   -8.00       .00   .00E+00  1   .00  1.00  1.00  1.00     .00  .000E+00
  66   0    1.00   -8.00       .00   .00E+00  1   .00  1.00  1.00  1.00     .00  .000E+00
  67   0     .00   -8.25       .00   .00E+00  1   .00  1.00  1.00  1.00     .00  .000E+00
  68   0    1.00   -8.25       .00   .00E+00  1   .00  1.00  1.00  1.00     .00  .000E+00
  69   0     .00   -8.50       .00   .00E+00  1   .00  1.00  1.00  1.00     .00  .000E+00
  70   0    1.00   -8.50       .00   .00E+00  1   .00  1.00  1.00  1.00     .00  .000E+00
  71   0     .00   -8.75       .00   .00E+00  1   .00  1.00  1.00  1.00     .00  .000E+00
  72   0    1.00   -8.75       .00   .00E+00  1   .00  1.00  1.00  1.00     .00  .000E+00
  73   0     .00   -9.00       .00   .00E+00  1   .00  1.00  1.00  1.00     .00  .000E+00
  74   0    1.00   -9.00       .00   .00E+00  1   .00  1.00  1.00  1.00     .00  .000E+00
  75   0     .00   -9.25       .00   .00E+00  1   .00  1.00  1.00  1.00     .00  .000E+00
  76   0    1.00   -9.25       .00   .00E+00  1   .00  1.00  1.00  1.00     .00  .000E+00
  77   0     .00   -9.50       .00   .00E+00  1   .00  1.00  1.00  1.00     .00  .000E+00
  78   0    1.00   -9.50       .00   .00E+00  1   .00  1.00  1.00  1.00     .00  .000E+00
  79   0     .00   -9.75       .00   .00E+00  1   .00  1.00  1.00  1.00     .00  .000E+00
  80   0    1.00   -9.75       .00   .00E+00  1   .00  1.00  1.00  1.00     .00  .000E+00
  81   0     .00  -10.00       .00   .00E+00  1   .00  1.00  1.00  1.00     .00  .000E+00
  82   0    1.00  -10.00       .00   .00E+00  1   .00  1.00  1.00  1.00     .00  .000E+00
  83   0     .00  -10.25       .00   .00E+00  1   .00  1.00  1.00  1.00     .00  .000E+00
  84   0    1.00  -10.25       .00   .00E+00  1   .00  1.00  1.00  1.00     .00  .000E+00
  85   0     .00  -10.50       .00   .00E+00  1   .00  1.00  1.00  1.00     .00  .000E+00
  86   0    1.00  -10.50       .00   .00E+00  1   .00  1.00  1.00  1.00     .00  .000E+00
  87   2     .00  -10.75       .00   .00E+00  1   .00  1.00  1.00  1.00     .00  .000E+00
  88   2    1.00  -10.75       .00   .00E+00  1   .00  1.00  1.00  1.00     .00  .000E+00
*** BLOCK J: ELEMENT INFORMATION **********************************************
    e    i    j    k    l  Angle  Aniz1  Aniz2 LayNum
    1    1    3    4    2    .00   1.00   1.00   1
    2    3    5    6    4    .00   1.00   1.00   1
    3    5    7    8    6    .00   1.00   1.00   1
    4    7    9   10    8    .00   1.00   1.00   1
    5    9   11   12   10    .00   1.00   1.00   1
    6   11   13   14   12    .00   1.00   1.00   1
    7   13   15   16   14    .00   1.00   1.00   1
    8   15   17   18   16    .00   1.00   1.00   1
    9   17   19   20   18    .00   1.00   1.00   1
   10   19   21   22   20    .00   1.00   1.00   1
   11   21   23   24   22    .00   1.00   1.00   1
   12   23   25   26   24    .00   1.00   1.00   1
   13   25   27   28   26    .00   1.00   1.00   1
   14   27   29   30   28    .00   1.00   1.00   1
   15   29   31   32   30    .00   1.00   1.00   1
   16   31   33   34   32    .00   1.00   1.00   1
   17   33   35   36   34    .00   1.00   1.00   1
   18   35   37   38   36    .00   1.00   1.00   1
   19   37   39   40   38    .00   1.00   1.00   1
   20   39   41   42   40    .00   1.00   1.00   1
   21   41   43   44   42    .00   1.00   1.00   1
   22   43   45   46   44    .00   1.00   1.00   1
   23   45   47   48   46    .00   1.00   1.00   1
   24   47   49   50   48    .00   1.00   1.00   1
   25   49   51   52   50    .00   1.00   1.00   1
   26   51   53   54   52    .00   1.00   1.00   1
   27   53   55   56   54    .00   1.00   1.00   1
   28   55   57   58   56    .00   1.00   1.00   1
   29   57   59   60   58    .00   1.00   1.00   1
   30   59   61   62   60    .00   1.00   1.00   1
   31   61   63   64   62    .00   1.00   1.00   1
   32   63   65   66   64    .00   1.00   1.00   1
   33   65   67   68   66    .00   1.00   1.00   1
   34   67   69   70   68    .00   1.00   1.00   1
   35   69   71   72   70    .00   1.00   1.00   1
   36   71   73   74   72    .00   1.00   1.00   1
   37   73   75   76   74    .00   1.00   1.00   1
   38   75   77   78   76    .00   1.00   1.00   1
   39   77   79   80   78    .00   1.00   1.00   1
   40   79   81   82   80    .00   1.00   1.00   1
   41   81   83   84   82    .00   1.00   1.00   1
   42   83   85   86   84    .00   1.00   1.00   1
   43   85   87   88   86    .00   1.00   1.00   1
*** BLOCK K: BOUNDARY GEOMETRY INFORMATION ************************************
 Node number array:
         1         2        87        88
 Width array:
       .50       .50       .50       .50
 Length:
       .00
 Observation Nodes (1,..,Nobs):
 87
*** END OF INPUT FILE GRID.IN *************************************************
