*** INPUT FILE 'GENER3.IN' *********************************************
Aniz1  Aniz2  Aniz3 --- CosAngle ---          (Anisotrophy Informations)
  1.     1.     1.  1  1  1  0  0  0
NLinZ  NColX  NColY   (Number of nodal points in a particular direction)
  33     2     2
xCol(1)yCol(1)z(NLin)      (x,y,z-coordinates of front left bottom node)
  0      0       0
*** SPACE INCREMENTS ***************************************************
dx-array (number of items is NColX-1):
  1
dy-array (number of items is NColY-1):
  1
dz-array (number of items is NLinZ-1):
 2*1 2*2 4 4*5 19*10 5 3 2*1
*** LINE ATTRIBUTES ****************************************************
LineNumber  Code  hInit   Conc  Q    MatNum  Beta  Axz  Bxz  Dxz
  1         -4    -55.     0.   0.     1     0.     1.   1.   1.
  2          0    -54.     0.   0.     1     0.     1.   1.   1.
  3          0    -53.     0.   0.     1     1.     1.   1.   1.
  4          0    -51.     0.   0.     1     1.     1.   1.   1.
  5          0    -49.     0.   0.     1     1.     1.   1.   1.
  6          0    -45.     0.   0.     1     1.     1.   1.   1.
  7          0    -40.     0.   0.     1     1.     1.   1.   1.
  8          0    -35.     0.   0.     1     1.     1.   1.   1.
  9          0    -30.     0.   0.     1     1.     1.   1.   1.
 10          0    -25.     0.   0.     1     1.     1.   1.   1.
 11          0    -15.     0.   0.     1     0.     1.   1.   1.
 12          0     -5.     0.   0.     2     0.     1.   1.   1.
 13          0      5.     0.   0.     2     0.     1.   1.   1.
 14          0     15.     0.   0.     2     0.     1.   1.   1.
 15          0     25.     0.   0.     2     0.     1.   1.   1.
 16          0     35.     0.   0.     2     0.     1.   1.   1.
 17          0     45.     0.   0.     2     0.     1.   1.   1.
 18          0     55.     0.   0.     2     0.     1.   1.   1.
 19          0     65.     0.   0.     2     0.     1.   1.   1.
 20          0     75.     0.   0.     2     0.     1.   1.   1.
 21          0     85.     0.   0.     2     0.     1.   1.   1.
 22          0     95.     0.   0.     2     0.     1.   1.   1.
 23          0    105.     0.   0.     2     0.     1.   1.   1.
 24          0    115.     0.   0.     2     0.     1.   1.   1.
 25          0    125.     0.   0.     2     0.     1.   1.   1.
 26          0    135.     0.   0.     2     0.     1.   1.   1.
 27          0    145.     0.   0.     2     0.     1.   1.   1.
 28          0    155.     0.   0.     2     0.     1.   1.   1.
 29          0    165.     0.   0.     2     0.     1.   1.   1.
 30          0    170.     0.   0.     2     0.     1.   1.   1.
 31          0    173.     0.   0.     2     0.     1.   1.   1.
 32          0    174.     0.   0.     2     0.     1.   1.   1.
 33         -3    175.     0.   0.     2     0.     1.   1.   1.
*** END OF INPUT FILE 'GENER3.IN' **************************************


