*** BLOCK H: NODAL INFORMATION ******************************************************************************
   NumNP   NumEl      IJ   NumBP    NObs
     132      32       4       8       0
    n Code       x         y         z          h        Conc         Q        M    B    Axz   Bxz   Dxz
    1   -4       .00       .00    230.00  -.5500E+02   .0000E+00   .0000E+00   1   .00  1.00  1.00  1.00
    2   -4      1.00       .00    230.00  -.5500E+02   .0000E+00   .0000E+00   1   .00  1.00  1.00  1.00
    3   -4       .00      1.00    230.00  -.5500E+02   .0000E+00   .0000E+00   1   .00  1.00  1.00  1.00
    4   -4      1.00      1.00    230.00  -.5500E+02   .0000E+00   .0000E+00   1   .00  1.00  1.00  1.00
    5    0       .00       .00    229.00  -.5400E+02   .0000E+00   .0000E+00   1   .00  1.00  1.00  1.00
    6    0      1.00       .00    229.00  -.5400E+02   .0000E+00   .0000E+00   1   .00  1.00  1.00  1.00
    7    0       .00      1.00    229.00  -.5400E+02   .0000E+00   .0000E+00   1   .00  1.00  1.00  1.00
    8    0      1.00      1.00    229.00  -.5400E+02   .0000E+00   .0000E+00   1   .00  1.00  1.00  1.00
    9    0       .00       .00    228.00  -.5300E+02   .0000E+00   .0000E+00   1  1.00  1.00  1.00  1.00
   10    0      1.00       .00    228.00  -.5300E+02   .0000E+00   .0000E+00   1  1.00  1.00  1.00  1.00
   11    0       .00      1.00    228.00  -.5300E+02   .0000E+00   .0000E+00   1  1.00  1.00  1.00  1.00
   12    0      1.00      1.00    228.00  -.5300E+02   .0000E+00   .0000E+00   1  1.00  1.00  1.00  1.00
   13    0       .00       .00    226.00  -.5100E+02   .0000E+00   .0000E+00   1  1.00  1.00  1.00  1.00
   14    0      1.00       .00    226.00  -.5100E+02   .0000E+00   .0000E+00   1  1.00  1.00  1.00  1.00
   15    0       .00      1.00    226.00  -.5100E+02   .0000E+00   .0000E+00   1  1.00  1.00  1.00  1.00
   16    0      1.00      1.00    226.00  -.5100E+02   .0000E+00   .0000E+00   1  1.00  1.00  1.00  1.00
   17    0       .00       .00    224.00  -.4900E+02   .0000E+00   .0000E+00   1  1.00  1.00  1.00  1.00
   18    0      1.00       .00    224.00  -.4900E+02   .0000E+00   .0000E+00   1  1.00  1.00  1.00  1.00
   19    0       .00      1.00    224.00  -.4900E+02   .0000E+00   .0000E+00   1  1.00  1.00  1.00  1.00
   20    0      1.00      1.00    224.00  -.4900E+02   .0000E+00   .0000E+00   1  1.00  1.00  1.00  1.00
   21    0       .00       .00    220.00  -.4500E+02   .0000E+00   .0000E+00   1  1.00  1.00  1.00  1.00
   22    0      1.00       .00    220.00  -.4500E+02   .0000E+00   .0000E+00   1  1.00  1.00  1.00  1.00
   23    0       .00      1.00    220.00  -.4500E+02   .0000E+00   .0000E+00   1  1.00  1.00  1.00  1.00
   24    0      1.00      1.00    220.00  -.4500E+02   .0000E+00   .0000E+00   1  1.00  1.00  1.00  1.00
   25    0       .00       .00    215.00  -.4000E+02   .0000E+00   .0000E+00   1  1.00  1.00  1.00  1.00
   26    0      1.00       .00    215.00  -.4000E+02   .0000E+00   .0000E+00   1  1.00  1.00  1.00  1.00
   27    0       .00      1.00    215.00  -.4000E+02   .0000E+00   .0000E+00   1  1.00  1.00  1.00  1.00
   28    0      1.00      1.00    215.00  -.4000E+02   .0000E+00   .0000E+00   1  1.00  1.00  1.00  1.00
   29    0       .00       .00    210.00  -.3500E+02   .0000E+00   .0000E+00   1  1.00  1.00  1.00  1.00
   30    0      1.00       .00    210.00  -.3500E+02   .0000E+00   .0000E+00   1  1.00  1.00  1.00  1.00
   31    0       .00      1.00    210.00  -.3500E+02   .0000E+00   .0000E+00   1  1.00  1.00  1.00  1.00
   32    0      1.00      1.00    210.00  -.3500E+02   .0000E+00   .0000E+00   1  1.00  1.00  1.00  1.00
   33    0       .00       .00    205.00  -.3000E+02   .0000E+00   .0000E+00   1  1.00  1.00  1.00  1.00
   34    0      1.00       .00    205.00  -.3000E+02   .0000E+00   .0000E+00   1  1.00  1.00  1.00  1.00
   35    0       .00      1.00    205.00  -.3000E+02   .0000E+00   .0000E+00   1  1.00  1.00  1.00  1.00
   36    0      1.00      1.00    205.00  -.3000E+02   .0000E+00   .0000E+00   1  1.00  1.00  1.00  1.00
   37    0       .00       .00    200.00  -.2500E+02   .0000E+00   .0000E+00   1  1.00  1.00  1.00  1.00
   38    0      1.00       .00    200.00  -.2500E+02   .0000E+00   .0000E+00   1  1.00  1.00  1.00  1.00
   39    0       .00      1.00    200.00  -.2500E+02   .0000E+00   .0000E+00   1  1.00  1.00  1.00  1.00
   40    0      1.00      1.00    200.00  -.2500E+02   .0000E+00   .0000E+00   1  1.00  1.00  1.00  1.00
   41    0       .00       .00    190.00  -.1500E+02   .0000E+00   .0000E+00   1   .00  1.00  1.00  1.00
   42    0      1.00       .00    190.00  -.1500E+02   .0000E+00   .0000E+00   1   .00  1.00  1.00  1.00
   43    0       .00      1.00    190.00  -.1500E+02   .0000E+00   .0000E+00   1   .00  1.00  1.00  1.00
   44    0      1.00      1.00    190.00  -.1500E+02   .0000E+00   .0000E+00   1   .00  1.00  1.00  1.00
   45    0       .00       .00    180.00  -.5000E+01   .0000E+00   .0000E+00   2   .00  1.00  1.00  1.00
   46    0      1.00       .00    180.00  -.5000E+01   .0000E+00   .0000E+00   2   .00  1.00  1.00  1.00
   47    0       .00      1.00    180.00  -.5000E+01   .0000E+00   .0000E+00   2   .00  1.00  1.00  1.00
   48    0      1.00      1.00    180.00  -.5000E+01   .0000E+00   .0000E+00   2   .00  1.00  1.00  1.00
   49    0       .00       .00    170.00   .5000E+01   .0000E+00   .0000E+00   2   .00  1.00  1.00  1.00
   50    0      1.00       .00    170.00   .5000E+01   .0000E+00   .0000E+00   2   .00  1.00  1.00  1.00
   51    0       .00      1.00    170.00   .5000E+01   .0000E+00   .0000E+00   2   .00  1.00  1.00  1.00
   52    0      1.00      1.00    170.00   .5000E+01   .0000E+00   .0000E+00   2   .00  1.00  1.00  1.00
   53    0       .00       .00    160.00   .1500E+02   .0000E+00   .0000E+00   2   .00  1.00  1.00  1.00
   54    0      1.00       .00    160.00   .1500E+02   .0000E+00   .0000E+00   2   .00  1.00  1.00  1.00
   55    0       .00      1.00    160.00   .1500E+02   .0000E+00   .0000E+00   2   .00  1.00  1.00  1.00
   56    0      1.00      1.00    160.00   .1500E+02   .0000E+00   .0000E+00   2   .00  1.00  1.00  1.00
   57    0       .00       .00    150.00   .2500E+02   .0000E+00   .0000E+00   2   .00  1.00  1.00  1.00
   58    0      1.00       .00    150.00   .2500E+02   .0000E+00   .0000E+00   2   .00  1.00  1.00  1.00
   59    0       .00      1.00    150.00   .2500E+02   .0000E+00   .0000E+00   2   .00  1.00  1.00  1.00
   60    0      1.00      1.00    150.00   .2500E+02   .0000E+00   .0000E+00   2   .00  1.00  1.00  1.00
   61    0       .00       .00    140.00   .3500E+02   .0000E+00   .0000E+00   2   .00  1.00  1.00  1.00
   62    0      1.00       .00    140.00   .3500E+02   .0000E+00   .0000E+00   2   .00  1.00  1.00  1.00
   63    0       .00      1.00    140.00   .3500E+02   .0000E+00   .0000E+00   2   .00  1.00  1.00  1.00
   64    0      1.00      1.00    140.00   .3500E+02   .0000E+00   .0000E+00   2   .00  1.00  1.00  1.00
   65    0       .00       .00    130.00   .4500E+02   .0000E+00   .0000E+00   2   .00  1.00  1.00  1.00
   66    0      1.00       .00    130.00   .4500E+02   .0000E+00   .0000E+00   2   .00  1.00  1.00  1.00
   67    0       .00      1.00    130.00   .4500E+02   .0000E+00   .0000E+00   2   .00  1.00  1.00  1.00
   68    0      1.00      1.00    130.00   .4500E+02   .0000E+00   .0000E+00   2   .00  1.00  1.00  1.00
   69    0       .00       .00    120.00   .5500E+02   .0000E+00   .0000E+00   2   .00  1.00  1.00  1.00
   70    0      1.00       .00    120.00   .5500E+02   .0000E+00   .0000E+00   2   .00  1.00  1.00  1.00
   71    0       .00      1.00    120.00   .5500E+02   .0000E+00   .0000E+00   2   .00  1.00  1.00  1.00
   72    0      1.00      1.00    120.00   .5500E+02   .0000E+00   .0000E+00   2   .00  1.00  1.00  1.00
   73    0       .00       .00    110.00   .6500E+02   .0000E+00   .0000E+00   2   .00  1.00  1.00  1.00
   74    0      1.00       .00    110.00   .6500E+02   .0000E+00   .0000E+00   2   .00  1.00  1.00  1.00
   75    0       .00      1.00    110.00   .6500E+02   .0000E+00   .0000E+00   2   .00  1.00  1.00  1.00
   76    0      1.00      1.00    110.00   .6500E+02   .0000E+00   .0000E+00   2   .00  1.00  1.00  1.00
   77    0       .00       .00    100.00   .7500E+02   .0000E+00   .0000E+00   2   .00  1.00  1.00  1.00
   78    0      1.00       .00    100.00   .7500E+02   .0000E+00   .0000E+00   2   .00  1.00  1.00  1.00
   79    0       .00      1.00    100.00   .7500E+02   .0000E+00   .0000E+00   2   .00  1.00  1.00  1.00
   80    0      1.00      1.00    100.00   .7500E+02   .0000E+00   .0000E+00   2   .00  1.00  1.00  1.00
   81    0       .00       .00     90.00   .8500E+02   .0000E+00   .0000E+00   2   .00  1.00  1.00  1.00
   82    0      1.00       .00     90.00   .8500E+02   .0000E+00   .0000E+00   2   .00  1.00  1.00  1.00
   83    0       .00      1.00     90.00   .8500E+02   .0000E+00   .0000E+00   2   .00  1.00  1.00  1.00
   84    0      1.00      1.00     90.00   .8500E+02   .0000E+00   .0000E+00   2   .00  1.00  1.00  1.00
   85    0       .00       .00     80.00   .9500E+02   .0000E+00   .0000E+00   2   .00  1.00  1.00  1.00
   86    0      1.00       .00     80.00   .9500E+02   .0000E+00   .0000E+00   2   .00  1.00  1.00  1.00
   87    0       .00      1.00     80.00   .9500E+02   .0000E+00   .0000E+00   2   .00  1.00  1.00  1.00
   88    0      1.00      1.00     80.00   .9500E+02   .0000E+00   .0000E+00   2   .00  1.00  1.00  1.00
   89    0       .00       .00     70.00   .1050E+03   .0000E+00   .0000E+00   2   .00  1.00  1.00  1.00
   90    0      1.00       .00     70.00   .1050E+03   .0000E+00   .0000E+00   2   .00  1.00  1.00  1.00
   91    0       .00      1.00     70.00   .1050E+03   .0000E+00   .0000E+00   2   .00  1.00  1.00  1.00
   92    0      1.00      1.00     70.00   .1050E+03   .0000E+00   .0000E+00   2   .00  1.00  1.00  1.00
   93    0       .00       .00     60.00   .1150E+03   .0000E+00   .0000E+00   2   .00  1.00  1.00  1.00
   94    0      1.00       .00     60.00   .1150E+03   .0000E+00   .0000E+00   2   .00  1.00  1.00  1.00
   95    0       .00      1.00     60.00   .1150E+03   .0000E+00   .0000E+00   2   .00  1.00  1.00  1.00
   96    0      1.00      1.00     60.00   .1150E+03   .0000E+00   .0000E+00   2   .00  1.00  1.00  1.00
   97    0       .00       .00     50.00   .1250E+03   .0000E+00   .0000E+00   2   .00  1.00  1.00  1.00
   98    0      1.00       .00     50.00   .1250E+03   .0000E+00   .0000E+00   2   .00  1.00  1.00  1.00
   99    0       .00      1.00     50.00   .1250E+03   .0000E+00   .0000E+00   2   .00  1.00  1.00  1.00
  100    0      1.00      1.00     50.00   .1250E+03   .0000E+00   .0000E+00   2   .00  1.00  1.00  1.00
  101    0       .00       .00     40.00   .1350E+03   .0000E+00   .0000E+00   2   .00  1.00  1.00  1.00
  102    0      1.00       .00     40.00   .1350E+03   .0000E+00   .0000E+00   2   .00  1.00  1.00  1.00
  103    0       .00      1.00     40.00   .1350E+03   .0000E+00   .0000E+00   2   .00  1.00  1.00  1.00
  104    0      1.00      1.00     40.00   .1350E+03   .0000E+00   .0000E+00   2   .00  1.00  1.00  1.00
  105    0       .00       .00     30.00   .1450E+03   .0000E+00   .0000E+00   2   .00  1.00  1.00  1.00
  106    0      1.00       .00     30.00   .1450E+03   .0000E+00   .0000E+00   2   .00  1.00  1.00  1.00
  107    0       .00      1.00     30.00   .1450E+03   .0000E+00   .0000E+00   2   .00  1.00  1.00  1.00
  108    0      1.00      1.00     30.00   .1450E+03   .0000E+00   .0000E+00   2   .00  1.00  1.00  1.00
  109    0       .00       .00     20.00   .1550E+03   .0000E+00   .0000E+00   2   .00  1.00  1.00  1.00
  110    0      1.00       .00     20.00   .1550E+03   .0000E+00   .0000E+00   2   .00  1.00  1.00  1.00
  111    0       .00      1.00     20.00   .1550E+03   .0000E+00   .0000E+00   2   .00  1.00  1.00  1.00
  112    0      1.00      1.00     20.00   .1550E+03   .0000E+00   .0000E+00   2   .00  1.00  1.00  1.00
  113    0       .00       .00     10.00   .1650E+03   .0000E+00   .0000E+00   2   .00  1.00  1.00  1.00
  114    0      1.00       .00     10.00   .1650E+03   .0000E+00   .0000E+00   2   .00  1.00  1.00  1.00
  115    0       .00      1.00     10.00   .1650E+03   .0000E+00   .0000E+00   2   .00  1.00  1.00  1.00
  116    0      1.00      1.00     10.00   .1650E+03   .0000E+00   .0000E+00   2   .00  1.00  1.00  1.00
  117    0       .00       .00      5.00   .1700E+03   .0000E+00   .0000E+00   2   .00  1.00  1.00  1.00
  118    0      1.00       .00      5.00   .1700E+03   .0000E+00   .0000E+00   2   .00  1.00  1.00  1.00
  119    0       .00      1.00      5.00   .1700E+03   .0000E+00   .0000E+00   2   .00  1.00  1.00  1.00
  120    0      1.00      1.00      5.00   .1700E+03   .0000E+00   .0000E+00   2   .00  1.00  1.00  1.00
  121    0       .00       .00      2.00   .1730E+03   .0000E+00   .0000E+00   2   .00  1.00  1.00  1.00
  122    0      1.00       .00      2.00   .1730E+03   .0000E+00   .0000E+00   2   .00  1.00  1.00  1.00
  123    0       .00      1.00      2.00   .1730E+03   .0000E+00   .0000E+00   2   .00  1.00  1.00  1.00
  124    0      1.00      1.00      2.00   .1730E+03   .0000E+00   .0000E+00   2   .00  1.00  1.00  1.00
  125    0       .00       .00      1.00   .1740E+03   .0000E+00   .0000E+00   2   .00  1.00  1.00  1.00
  126    0      1.00       .00      1.00   .1740E+03   .0000E+00   .0000E+00   2   .00  1.00  1.00  1.00
  127    0       .00      1.00      1.00   .1740E+03   .0000E+00   .0000E+00   2   .00  1.00  1.00  1.00
  128    0      1.00      1.00      1.00   .1740E+03   .0000E+00   .0000E+00   2   .00  1.00  1.00  1.00
  129   -3       .00       .00       .00   .1750E+03   .0000E+00   .0000E+00   2   .00  1.00  1.00  1.00
  130   -3      1.00       .00       .00   .1750E+03   .0000E+00   .0000E+00   2   .00  1.00  1.00  1.00
  131   -3       .00      1.00       .00   .1750E+03   .0000E+00   .0000E+00   2   .00  1.00  1.00  1.00
  132   -3      1.00      1.00       .00   .1750E+03   .0000E+00   .0000E+00   2   .00  1.00  1.00  1.00
*** BLOCK I: ELEMENT INFORMATION ****************************************************************************
    e     i     j     k     l     m     n     o     p Sub Aniz1 Aniz2 Aniz3 ------- cosin of angle ------ Lay
    1     1     2     3     4     5     6     7     8  1   1.00  1.00  1.00 1.00 1.00 1.00  .00  .00  .00  1
    2     5     6     7     8     9    10    11    12  2   1.00  1.00  1.00 1.00 1.00 1.00  .00  .00  .00  1
    3     9    10    11    12    13    14    15    16  1   1.00  1.00  1.00 1.00 1.00 1.00  .00  .00  .00  1
    4    13    14    15    16    17    18    19    20  2   1.00  1.00  1.00 1.00 1.00 1.00  .00  .00  .00  1
    5    17    18    19    20    21    22    23    24  1   1.00  1.00  1.00 1.00 1.00 1.00  .00  .00  .00  1
    6    21    22    23    24    25    26    27    28  2   1.00  1.00  1.00 1.00 1.00 1.00  .00  .00  .00  1
    7    25    26    27    28    29    30    31    32  1   1.00  1.00  1.00 1.00 1.00 1.00  .00  .00  .00  1
    8    29    30    31    32    33    34    35    36  2   1.00  1.00  1.00 1.00 1.00 1.00  .00  .00  .00  1
    9    33    34    35    36    37    38    39    40  1   1.00  1.00  1.00 1.00 1.00 1.00  .00  .00  .00  1
   10    37    38    39    40    41    42    43    44  2   1.00  1.00  1.00 1.00 1.00 1.00  .00  .00  .00  1
   11    41    42    43    44    45    46    47    48  1   1.00  1.00  1.00 1.00 1.00 1.00  .00  .00  .00  1
   12    45    46    47    48    49    50    51    52  2   1.00  1.00  1.00 1.00 1.00 1.00  .00  .00  .00  2
   13    49    50    51    52    53    54    55    56  1   1.00  1.00  1.00 1.00 1.00 1.00  .00  .00  .00  2
   14    53    54    55    56    57    58    59    60  2   1.00  1.00  1.00 1.00 1.00 1.00  .00  .00  .00  2
   15    57    58    59    60    61    62    63    64  1   1.00  1.00  1.00 1.00 1.00 1.00  .00  .00  .00  2
   16    61    62    63    64    65    66    67    68  2   1.00  1.00  1.00 1.00 1.00 1.00  .00  .00  .00  2
   17    65    66    67    68    69    70    71    72  1   1.00  1.00  1.00 1.00 1.00 1.00  .00  .00  .00  2
   18    69    70    71    72    73    74    75    76  2   1.00  1.00  1.00 1.00 1.00 1.00  .00  .00  .00  2
   19    73    74    75    76    77    78    79    80  1   1.00  1.00  1.00 1.00 1.00 1.00  .00  .00  .00  2
   20    77    78    79    80    81    82    83    84  2   1.00  1.00  1.00 1.00 1.00 1.00  .00  .00  .00  2
   21    81    82    83    84    85    86    87    88  1   1.00  1.00  1.00 1.00 1.00 1.00  .00  .00  .00  2
   22    85    86    87    88    89    90    91    92  2   1.00  1.00  1.00 1.00 1.00 1.00  .00  .00  .00  2
   23    89    90    91    92    93    94    95    96  1   1.00  1.00  1.00 1.00 1.00 1.00  .00  .00  .00  2
   24    93    94    95    96    97    98    99   100  2   1.00  1.00  1.00 1.00 1.00 1.00  .00  .00  .00  2
   25    97    98    99   100   101   102   103   104  1   1.00  1.00  1.00 1.00 1.00 1.00  .00  .00  .00  2
   26   101   102   103   104   105   106   107   108  2   1.00  1.00  1.00 1.00 1.00 1.00  .00  .00  .00  2
   27   105   106   107   108   109   110   111   112  1   1.00  1.00  1.00 1.00 1.00 1.00  .00  .00  .00  2
   28   109   110   111   112   113   114   115   116  2   1.00  1.00  1.00 1.00 1.00 1.00  .00  .00  .00  2
   29   113   114   115   116   117   118   119   120  1   1.00  1.00  1.00 1.00 1.00 1.00  .00  .00  .00  2
   30   117   118   119   120   121   122   123   124  2   1.00  1.00  1.00 1.00 1.00 1.00  .00  .00  .00  2
   31   121   122   123   124   125   126   127   128  1   1.00  1.00  1.00 1.00 1.00 1.00  .00  .00  .00  2
   32   125   126   127   128   129   130   131   132  2   1.00  1.00  1.00 1.00 1.00 1.00  .00  .00  .00  2
*** BLOCK J : BOUNDARY INFORMATION **************************************************************************
 Node number array:
            1            2            3            4          129          130          131          132
 Width array:
       .33333       .16667       .16667       .33333       .33333       .16667       .16667       .33333
 Length:
      1.00
***** End of file Grid.In ***********************************************************************************
