*** BLOCK I: NODAL INFORMATION ************************************************
      NumNP     NumEl       IJ       NumBP      NS       NObs
        66        32         2         4         0         0
   n  Code    x      z         h        Q     M   B    Axz   Bxz   Dxz     Temp
   1  -4     .00  230.00    -55.00   .00E+00  1   .00  1.00  1.00  1.00     .00
   2  -4    1.00  230.00    -55.00   .00E+00  1   .00  1.00  1.00  1.00     .00
   3   0     .00  229.00    -54.00   .00E+00  1   .00  1.00  1.00  1.00     .00
   4   0    1.00  229.00    -54.00   .00E+00  1   .00  1.00  1.00  1.00     .00
   5   0     .00  228.00    -53.00   .00E+00  1  1.00  1.00  1.00  1.00     .00
   6   0    1.00  228.00    -53.00   .00E+00  1  1.00  1.00  1.00  1.00     .00
   7   0     .00  226.00    -51.00   .00E+00  1  1.00  1.00  1.00  1.00     .00
   8   0    1.00  226.00    -51.00   .00E+00  1  1.00  1.00  1.00  1.00     .00
   9   0     .00  224.00    -49.00   .00E+00  1  1.00  1.00  1.00  1.00     .00
  10   0    1.00  224.00    -49.00   .00E+00  1  1.00  1.00  1.00  1.00     .00
  11   0     .00  220.00    -45.00   .00E+00  1  1.00  1.00  1.00  1.00     .00
  12   0    1.00  220.00    -45.00   .00E+00  1  1.00  1.00  1.00  1.00     .00
  13   0     .00  215.00    -40.00   .00E+00  1  1.00  1.00  1.00  1.00     .00
  14   0    1.00  215.00    -40.00   .00E+00  1  1.00  1.00  1.00  1.00     .00
  15   0     .00  210.00    -35.00   .00E+00  1  1.00  1.00  1.00  1.00     .00
  16   0    1.00  210.00    -35.00   .00E+00  1  1.00  1.00  1.00  1.00     .00
  17   0     .00  205.00    -30.00   .00E+00  1  1.00  1.00  1.00  1.00     .00
  18   0    1.00  205.00    -30.00   .00E+00  1  1.00  1.00  1.00  1.00     .00
  19   0     .00  200.00    -25.00   .00E+00  1  1.00  1.00  1.00  1.00     .00
  20   0    1.00  200.00    -25.00   .00E+00  1  1.00  1.00  1.00  1.00     .00
  21   0     .00  190.00    -15.00   .00E+00  1   .00  1.00  1.00  1.00     .00
  22   0    1.00  190.00    -15.00   .00E+00  1   .00  1.00  1.00  1.00     .00
  23   0     .00  180.00     -5.00   .00E+00  2   .00  1.00  1.00  1.00     .00
  24   0    1.00  180.00     -5.00   .00E+00  2   .00  1.00  1.00  1.00     .00
  25   0     .00  170.00      5.00   .00E+00  2   .00  1.00  1.00  1.00     .00
  26   0    1.00  170.00      5.00   .00E+00  2   .00  1.00  1.00  1.00     .00
  27   0     .00  160.00     15.00   .00E+00  2   .00  1.00  1.00  1.00     .00
  28   0    1.00  160.00     15.00   .00E+00  2   .00  1.00  1.00  1.00     .00
  29   0     .00  150.00     25.00   .00E+00  2   .00  1.00  1.00  1.00     .00
  30   0    1.00  150.00     25.00   .00E+00  2   .00  1.00  1.00  1.00     .00
  31   0     .00  140.00     35.00   .00E+00  2   .00  1.00  1.00  1.00     .00
  32   0    1.00  140.00     35.00   .00E+00  2   .00  1.00  1.00  1.00     .00
  33   0     .00  130.00     45.00   .00E+00  2   .00  1.00  1.00  1.00     .00
  34   0    1.00  130.00     45.00   .00E+00  2   .00  1.00  1.00  1.00     .00
  35   0     .00  120.00     55.00   .00E+00  2   .00  1.00  1.00  1.00     .00
  36   0    1.00  120.00     55.00   .00E+00  2   .00  1.00  1.00  1.00     .00
  37   0     .00  110.00     65.00   .00E+00  2   .00  1.00  1.00  1.00     .00
  38   0    1.00  110.00     65.00   .00E+00  2   .00  1.00  1.00  1.00     .00
  39   0     .00  100.00     75.00   .00E+00  2   .00  1.00  1.00  1.00     .00
  40   0    1.00  100.00     75.00   .00E+00  2   .00  1.00  1.00  1.00     .00
  41   0     .00   90.00     85.00   .00E+00  2   .00  1.00  1.00  1.00     .00
  42   0    1.00   90.00     85.00   .00E+00  2   .00  1.00  1.00  1.00     .00
  43   0     .00   80.00     95.00   .00E+00  2   .00  1.00  1.00  1.00     .00
  44   0    1.00   80.00     95.00   .00E+00  2   .00  1.00  1.00  1.00     .00
  45   0     .00   70.00    105.00   .00E+00  2   .00  1.00  1.00  1.00     .00
  46   0    1.00   70.00    105.00   .00E+00  2   .00  1.00  1.00  1.00     .00
  47   0     .00   60.00    115.00   .00E+00  2   .00  1.00  1.00  1.00     .00
  48   0    1.00   60.00    115.00   .00E+00  2   .00  1.00  1.00  1.00     .00
  49   0     .00   50.00    125.00   .00E+00  2   .00  1.00  1.00  1.00     .00
  50   0    1.00   50.00    125.00   .00E+00  2   .00  1.00  1.00  1.00     .00
  51   0     .00   40.00    135.00   .00E+00  2   .00  1.00  1.00  1.00     .00
  52   0    1.00   40.00    135.00   .00E+00  2   .00  1.00  1.00  1.00     .00
  53   0     .00   30.00    145.00   .00E+00  2   .00  1.00  1.00  1.00     .00
  54   0    1.00   30.00    145.00   .00E+00  2   .00  1.00  1.00  1.00     .00
  55   0     .00   20.00    155.00   .00E+00  2   .00  1.00  1.00  1.00     .00
  56   0    1.00   20.00    155.00   .00E+00  2   .00  1.00  1.00  1.00     .00
  57   0     .00   10.00    165.00   .00E+00  2   .00  1.00  1.00  1.00     .00
  58   0    1.00   10.00    165.00   .00E+00  2   .00  1.00  1.00  1.00     .00
  59   0     .00    5.00    170.00   .00E+00  2   .00  1.00  1.00  1.00     .00
  60   0    1.00    5.00    170.00   .00E+00  2   .00  1.00  1.00  1.00     .00
  61   0     .00    2.00    173.00   .00E+00  2   .00  1.00  1.00  1.00     .00
  62   0    1.00    2.00    173.00   .00E+00  2   .00  1.00  1.00  1.00     .00
  63   0     .00    1.00    174.00   .00E+00  2   .00  1.00  1.00  1.00     .00
  64   0    1.00    1.00    174.00   .00E+00  2   .00  1.00  1.00  1.00     .00
  65  -3     .00     .00    175.00   .00E+00  2   .00  1.00  1.00  1.00     .00
  66  -3    1.00     .00    175.00   .00E+00  2   .00  1.00  1.00  1.00     .00
*** BLOCK J: ELEMENT INFORMATION **********************************************
    e    i    j    k    l  Angle  Aniz1  Aniz2 LayNum
    1    1    3    4    2    .00   1.00   1.00   1
    2    3    5    6    4    .00   1.00   1.00   1
    3    5    7    8    6    .00   1.00   1.00   1
    4    7    9   10    8    .00   1.00   1.00   1
    5    9   11   12   10    .00   1.00   1.00   1
    6   11   13   14   12    .00   1.00   1.00   1
    7   13   15   16   14    .00   1.00   1.00   1
    8   15   17   18   16    .00   1.00   1.00   1
    9   17   19   20   18    .00   1.00   1.00   1
   10   19   21   22   20    .00   1.00   1.00   1
   11   21   23   24   22    .00   1.00   1.00   2
   12   23   25   26   24    .00   1.00   1.00   2
   13   25   27   28   26    .00   1.00   1.00   2
   14   27   29   30   28    .00   1.00   1.00   2
   15   29   31   32   30    .00   1.00   1.00   2
   16   31   33   34   32    .00   1.00   1.00   2
   17   33   35   36   34    .00   1.00   1.00   2
   18   35   37   38   36    .00   1.00   1.00   2
   19   37   39   40   38    .00   1.00   1.00   2
   20   39   41   42   40    .00   1.00   1.00   2
   21   41   43   44   42    .00   1.00   1.00   2
   22   43   45   46   44    .00   1.00   1.00   2
   23   45   47   48   46    .00   1.00   1.00   2
   24   47   49   50   48    .00   1.00   1.00   2
   25   49   51   52   50    .00   1.00   1.00   2
   26   51   53   54   52    .00   1.00   1.00   2
   27   53   55   56   54    .00   1.00   1.00   2
   28   55   57   58   56    .00   1.00   1.00   2
   29   57   59   60   58    .00   1.00   1.00   2
   30   59   61   62   60    .00   1.00   1.00   2
   31   61   63   64   62    .00   1.00   1.00   2
   32   63   65   66   64    .00   1.00   1.00   2
*** BLOCK K: BOUNDARY GEOMETRY INFORMATION ************************************
 Node number array:
         1         2        65        66
 Width array:
       .50       .50       .50       .50
 Length:
      1.00
 Observation Nodes (1,..,Nobs):

*** END OF INPUT FILE GRID.IN *************************************************
