    2    6
     EXAMPLE 1: NITRIFICATION  (CHO,1971)
    3    0    0    1    0    0       1.0      0.18      1.00     200.0
      2.00      1.00      1.00       5.0      0.01      0.10       0.0      0.95
       1.0       0.0       0.0       0.0       0.0       0.0       0.0       0.0
       0.0       5.0     200.0     200.0       0.0     200.0
       1.0       0.0       0.0       0.0       0.0       0.0       0.0       0.0
       0.0       0.0
     EXAMPLE 2: RADIONUCLIDE TRANSPORT
    4    1    1    1    0    1    100.00      10.0       0.4    10000.
   10000.0   14000.0   50000.0     500.0     .0079 0.0000028 0.0000087   0.00043
    50000.       0.0        .0       0.0      .001      .001      .001      .001
       0.0       5.0     250.0    1000.0    9000.0   10000.0

