C
         1        20         1       100
1: TRANSIENT LONGITUDINAL AND STEADY TRANSVERSE PROFILE
C					       
      50.0       1.5     10.00       0.0       0.0
         0         1         0         0         0
C
      10.0       5.0       5.0
         1         1         0  
C
       1.0       0.0       0.0       0.0       0.0
0.0000  0.10  20.00  -10.00 -10.00
0.0003  0.20  20.00  -10.00 -10.00
0.0883  0.30  20.00  -10.00 -10.00
0.5395  0.40  20.00  -10.00 -10.00
0.8889  0.50  20.00  -10.00 -10.00
0.9836  0.60  20.00  -10.00 -10.00
0.9977  0.70  20.00  -10.00 -10.00
0.9992  0.80  20.00  -10.00 -10.00
0.9993  0.90  20.00  -10.00 -10.00
0.9993  1.00  20.00  -10.00 -10.00
0.9993  2.00  20.00  -10.00 -10.00
0.9986  2.00  20.00  -9.00  -10.00
0.9968  2.00  20.00  -8.00  -10.00
0.9923  2.00  20.00  -7.00  -10.00
0.9821  2.00  20.00  -6.00  -10.00
0.9610  2.00  20.00  -5.00  -10.00
0.9220  2.00  20.00  -4.00  -10.00
0.8575  2.00  20.00  -3.00  -10.00
0.7627  2.00  20.00  -2.00  -10.00
0.6398  2.00  20.00  -1.00  -10.00
0.4998  2.00  20.00  0.00   -10.00
0.3598  2.00  20.00  1.00   -10.00
0.2370  2.00  20.00  2.00   -10.00
0.1422  2.00  20.00  3.00   -10.00
0.0776  2.00  20.00  4.00   -10.00
0.0386  2.00  20.00  5.00   -10.00
0.0176  2.00  20.00  6.00   -10.00
0.0073  2.00  20.00  7.00   -10.00
0.0028  2.00  20.00  8.00   -10.00
0.0010  2.00  20.00  9.00   -10.00
0.0003  2.00  20.00  10.00   -10.00
