C
         6        20         1       100
3: EXAMPLE 2 WITH MODIFIED TRANSVERSE PROFILES
C					
      10.0       1.0      0.00      0.01      0.01
         0         1         0         1         1
C
      50.0       5.0       2.5
         1         1         1
C
       1.0       5.0      10.0      10.0      30.0
    0.0161      0.50      5.00      0.00      0.00
    0.2420      0.50     10.00      0.00      0.00
    0.8381      0.50     15.00      0.00      0.00
    0.9757      0.50     20.00      0.00      0.00
    0.9715      0.50     25.00      0.00      0.00
    0.7458      0.50     30.00      0.00      0.00
    0.1497      0.50     35.00      0.00      0.00
    0.0122      0.50     40.00      0.00      0.00
    0.0099      0.50     45.00      0.00      0.00
    0.0099      0.50     50.00      0.00      0.00
    0.0280      1.00      5.00      0.00      0.00
    0.1601      1.00     10.00      0.00      0.00
    0.5505      1.00     15.00      0.00      0.00
    0.8469      1.00     20.00      0.00      0.00
    0.8928      1.00     25.00      0.00      0.00
    0.7656      1.00     30.00      0.00      0.00
    0.3754      1.00     35.00      0.00      0.00
    0.0788      1.00     40.00      0.00      0.00
    0.0222      1.00     45.00      0.00      0.00
    0.0196      1.00     50.00      0.00      0.00
    0.0322      1.50      5.00      0.00      0.00
    0.1163      1.50     10.00      0.00      0.00
    0.3649      1.50     15.00      0.00      0.00
    0.6642      1.50     20.00      0.00      0.00
    0.7942      1.50     25.00      0.00      0.00
    0.7405      1.50     30.00      0.00      0.00
    0.4946      1.50     35.00      0.00      0.00
    0.1951      1.50     40.00      0.00      0.00
    0.0556      1.50     45.00      0.00      0.00
    0.0308      1.50     50.00      0.00      0.00
    0.0336      2.00      5.00      0.00      0.00
    0.0921      2.00     10.00      0.00      0.00
    0.2546      2.00     15.00      0.00      0.00
    0.5023      2.00     20.00      0.00      0.00
    0.6798      2.00     25.00      0.00      0.00
    0.6966      2.00     30.00      0.00      0.00
    0.5484      2.00     35.00      0.00      0.00
    0.3017      2.00     40.00      0.00      0.00
    0.1170      2.00     45.00      0.00      0.00
    0.0508      2.00     50.00      0.00      0.00
    0.6269      2.00     30.00      0.00      0.00
    0.7154      2.00     30.00      2.00      0.00
    0.4751      2.00     30.00      4.00      0.00
    0.4078      2.00     30.00      6.00      0.00
    0.2044      2.00     30.00      8.00      0.00
    0.1392      2.00     30.00     10.00      0.00
    0.0647      2.00     30.00     12.00      0.00
    0.0535      2.00     30.00     14.00      0.00
    0.0368      2.00     30.00     16.00      0.00
    0.0428      2.00     30.00     18.00      0.00
    0.0347      2.00     30.00     20.00      0.00
    0.7663      2.00     30.00      0.00      0.00
    0.6259      2.00     30.00      0.00      2.00
    0.7543      2.00     30.00      0.00      4.00
    0.5806      2.00     30.00      0.00      6.00
    0.5929      2.00     30.00      0.00      8.00
    0.3309      2.00     30.00      0.00     10.00
    0.2159      2.00     30.00      0.00     12.00
    0.0812      2.00     30.00      0.00     14.00
    0.0546      2.00     30.00      0.00     16.00
    0.0396      2.00     30.00      0.00     18.00
    0.0425      2.00     30.00      0.00     20.00
