C
         7        30         1       100
4: LONGITUDINAL AND TRANSVERSE PROFILE
C					
      20.0       1.0      0.10       0.0       0.0
         0         0         1         0         0
C
      20.0      20.0       0.0
         1         1         1
C
       1.0       5.0       0.0       0.0       0.0
    0.0563      0.50      2.00      0.00
    0.1476      0.50      4.00      0.00
    0.2499      0.50      6.00      0.00
    0.3262      0.50      8.00      0.00
    0.3489      0.50     10.00      0.00
    0.3164      0.50     12.00      0.00
    0.2492      0.50     14.00      0.00
    0.1736      0.50     16.00      0.00
    0.1085      0.50     18.00      0.00
    0.0614      0.50     20.00      0.00
    0.3402      0.50     10.00      1.00
    0.3144      0.50     10.00      2.00
    0.2733      0.50     10.00      3.00
    0.2212      0.50     10.00      4.00
    0.1648      0.50     10.00      5.00
    0.1120      0.50     10.00      6.00
    0.0690      0.50     10.00      7.00
    0.0384      0.50     10.00      8.00
    0.0193      0.50     10.00      9.00
    0.0088      0.50     10.00     10.00
