*** BLOCK I: NODAL INFORMATION ************************************************
      NumNP     NumEl       IJ       NumBP      NS       NObs
        32        15         2         4         1         1
   n  Code    x      z         h        Q     M   B    Axz   Bxz   Dxz     Temp     Conc1    Sorb1
   1   1     .00     .00       .00   .00E+00  1   .00  1.00  1.00  1.00     .00  .000E+00  .000E+00
   2   1    1.00     .00       .00   .00E+00  1   .00  1.00  1.00  1.00     .00  .000E+00  .000E+00
   3   0     .00   -2.00       .00   .00E+00  1   .00  1.00  1.00  1.00     .00  .000E+00  .000E+00
   4   0    1.00   -2.00       .00   .00E+00  1   .00  1.00  1.00  1.00     .00  .000E+00  .000E+00
   5   0     .00   -4.00       .00   .00E+00  1   .00  1.00  1.00  1.00     .00  .000E+00  .000E+00
   6   0    1.00   -4.00       .00   .00E+00  1   .00  1.00  1.00  1.00     .00  .000E+00  .000E+00
   7   0     .00   -6.00       .00   .00E+00  1   .00  1.00  1.00  1.00     .00  .000E+00  .000E+00
   8   0    1.00   -6.00       .00   .00E+00  1   .00  1.00  1.00  1.00     .00  .000E+00  .000E+00
   9   0     .00   -8.00       .00   .00E+00  1   .00  1.00  1.00  1.00     .00  .000E+00  .000E+00
  10   0    1.00   -8.00       .00   .00E+00  1   .00  1.00  1.00  1.00     .00  .000E+00  .000E+00
  11   0     .00  -10.00       .00   .00E+00  1   .00  1.00  1.00  1.00     .00  .000E+00  .000E+00
  12   0    1.00  -10.00       .00   .00E+00  1   .00  1.00  1.00  1.00     .00  .000E+00  .000E+00
  13   0     .00  -12.00       .00   .00E+00  1   .00  1.00  1.00  1.00     .00  .000E+00  .000E+00
  14   0    1.00  -12.00       .00   .00E+00  1   .00  1.00  1.00  1.00     .00  .000E+00  .000E+00
  15   0     .00  -14.00       .00   .00E+00  1   .00  1.00  1.00  1.00     .00  .000E+00  .000E+00
  16   0    1.00  -14.00       .00   .00E+00  1   .00  1.00  1.00  1.00     .00  .000E+00  .000E+00
  17   0     .00  -16.00       .00   .00E+00  1   .00  1.00  1.00  1.00     .00  .000E+00  .000E+00
  18   0    1.00  -16.00       .00   .00E+00  1   .00  1.00  1.00  1.00     .00  .000E+00  .000E+00
  19   0     .00  -18.00       .00   .00E+00  1   .00  1.00  1.00  1.00     .00  .000E+00  .000E+00
  20   0    1.00  -18.00       .00   .00E+00  1   .00  1.00  1.00  1.00     .00  .000E+00  .000E+00
  21   0     .00  -20.00       .00   .00E+00  1   .00  1.00  1.00  1.00     .00  .000E+00  .000E+00
  22   0    1.00  -20.00       .00   .00E+00  1   .00  1.00  1.00  1.00     .00  .000E+00  .000E+00
  23   0     .00  -22.00       .00   .00E+00  1   .00  1.00  1.00  1.00     .00  .000E+00  .000E+00
  24   0    1.00  -22.00       .00   .00E+00  1   .00  1.00  1.00  1.00     .00  .000E+00  .000E+00
  25   0     .00  -24.00       .00   .00E+00  1   .00  1.00  1.00  1.00     .00  .000E+00  .000E+00
  26   0    1.00  -24.00       .00   .00E+00  1   .00  1.00  1.00  1.00     .00  .000E+00  .000E+00
  27   0     .00  -26.00       .00   .00E+00  1   .00  1.00  1.00  1.00     .00  .000E+00  .000E+00
  28   0    1.00  -26.00       .00   .00E+00  1   .00  1.00  1.00  1.00     .00  .000E+00  .000E+00
  29   0     .00  -28.00       .00   .00E+00  1   .00  1.00  1.00  1.00     .00  .000E+00  .000E+00
  30   0    1.00  -28.00       .00   .00E+00  1   .00  1.00  1.00  1.00     .00  .000E+00  .000E+00
  31   2     .00  -30.00       .00   .00E+00  1   .00  1.00  1.00  1.00     .00  .000E+00  .000E+00
  32   2    1.00  -30.00       .00   .00E+00  1   .00  1.00  1.00  1.00     .00  .000E+00  .000E+00
*** BLOCK J: ELEMENT INFORMATION **********************************************
    e    i    j    k    l  Angle  Aniz1  Aniz2 LayNum
    1    1    3    4    2    .00   1.00   1.00   1
    2    3    5    6    4    .00   1.00   1.00   1
    3    5    7    8    6    .00   1.00   1.00   1
    4    7    9   10    8    .00   1.00   1.00   1
    5    9   11   12   10    .00   1.00   1.00   1
    6   11   13   14   12    .00   1.00   1.00   1
    7   13   15   16   14    .00   1.00   1.00   1
    8   15   17   18   16    .00   1.00   1.00   1
    9   17   19   20   18    .00   1.00   1.00   1
   10   19   21   22   20    .00   1.00   1.00   1
   11   21   23   24   22    .00   1.00   1.00   1
   12   23   25   26   24    .00   1.00   1.00   1
   13   25   27   28   26    .00   1.00   1.00   1
   14   27   29   30   28    .00   1.00   1.00   1
   15   29   31   32   30    .00   1.00   1.00   1
*** BLOCK K: BOUNDARY GEOMETRY INFORMATION ************************************
 Node number array:
         1         2        31        32
 Width array:
       .50       .50       .50       .50
 Length:
       .00
 Observation Nodes (1,..,Nobs):
 31
*** END OF INPUT FILE GRID.IN *************************************************
