    3    6
    4    1   20   10
     EXAMPLE 1D  P=40
PECLET      RF       BETA     OMEGA     PULSE
      25.0       2.0       0.6       0.2     100.0
    1    1    1    1    0
        .8     .0155
       1.0     .1100
       1.2     .2896
       1.4     .4620
       1.6     .5740
       1.9     .6548
       2.5     .7218
       3.5     .7952
       5.0     .8710
       7.0     .9308
    4    1   20   15
     EXAMPLE 2D  TRITIATED WATER (EXP. 5-2)
PECLET      RF       BETA     OMEGA     PULSE
      50.0       1.0       0.6       0.5       2.0
    1    1    1    1    1
      .449      .007
      .593      .148
      .688      .301
      .832      .476
     1.072      .703
     1.455      .825
     1.981      .922
     2.442      .949
     2.682      .843
     2.825      .630
     3.017      .404
     3.304      .233
     3.879      .103
     4.477      .052
     4.956      .028
    2    0   20   15
     EXAMPLE 2H  TRITIATED WATER (EXP. 5-2)
PECLET      RF      PULSE
      50.0       1.0       2.0
    1    1    1
