    1    6
    2    1   15   15
     EXAMPLE 2A CHROMIUM (COLUMN NUMBER 4)
PECLET      RF       PULSE
       20.       1.3      100.
    1    1    0
      .558      .000
      .695      .006
      .831      .061
      .967      .198
     1.103      .325
     1.239      .450
     1.375      .592
     1.511      .705
     1.647      .768
     1.783      .841
     1.919      .881
     2.055      .944
     2.191      .966
     2.327      .994
     2.463      .999
    4    0   15   15
     EXAMPLE 2B CHROMIUM (COLUMN NUMBER 4)
